$GPFPD,1593,202740.00,316.600,-0.580,1.490,38.2234934,119.1219883,30.050,-0.007,-0.088,-0.013,1.991,8,8,1*78
$GPFPD,1593,202741.00,316.630,-0.600,1.490,38.2234933,119.1219882,30.066,-0.010,-0.084,-0.010,1.994,8,8,1*7E
$GPFPD,1593,202742.00,316.650,-0.600,1.480,38.2234932,119.1219881,30.077,-0.006,-0.085,-0.017,1.989,8,8,1*75
$GPFPD,1593,202743.00,316.670,-0.590,1.480,38.2234931,119.1219880,30.084,-0.003,-0.082,-0.023,1.990,8,8,1*7F
$GPFPD,1593,202744.00,316.660,-0.590,1.490,38.2234931,119.1219880,30.088,0.002,-0.082,-0.020,1.993,8,8,1*58
$GPFPD,1593,202745.00,316.670,-0.590,1.490,38.2234930,119.1219879,30.096,-0.008,-0.090,-0.017,1.995,8,8,1*76
$GPFPD,1593,202746.00,316.680,-0.590,1.490,38.2234930,119.1219878,30.108,-0.007,-0.074,-0.011,1.991,8,8,1*7A
$GPFPD,1593,202747.00,316.710,-0.590,1.480,38.2234930,119.1219877,30.126,-0.003,-0.087,-0.009,1.991,8,8,1*70
$GPFPD,1593,202748.00,316.740,-0.600,1.480,38.2234929,119.1219877,30.141,-0.006,-0.083,-0.009,1.992,8,8,1*7B
$GPFPD,1593,202749.00,316.740,-0.590,1.500,38.2234929,119.1219876,30.153,-0.006,-0.087,-0.016,1.992,8,8,1*71
$GPFPD,1593,202750.00,316.740,-0.590,1.500,38.2234928,119.1219875,30.161,-0.005,-0.086,-0.018,1.994,8,8,1*70
$GPFPD,1593,202751.00,316.740,-0.590,1.490,38.2234927,119.1219874,30.169,-0.009,-0.079,-0.014,1.996,8,8,1*7D
$GPFPD,1593,202752.00,316.760,-0.590,1.470,38.2234927,119.1219873,30.178,-0.009,-0.075,-0.014,1.991,8,8,1*7E
$GPFPD,1593,202753.00,316.790,-0.590,1.460,38.2234927,119.1219871,30.191,-0.009,-0.085,-0.015,1.993,8,8,1*78
$GPFPD,1593,202754.00,316.790,-0.600,1.460,38.2234926,119.1219871,30.203,0.006,-0.091,-0.013,1.993,8,8,1*5D
$GPFPD,1593,202755.00,316.810,-0.590,1.480,38.2234925,119.1219872,30.213,0.004,-0.088,-0.015,1.991,8,8,1*50
$GPFPD,1593,202756.00,316.820,-0.570,1.500,38.2234923,119.1219871,30.220,-0.014,-0.089,-0.020,1.991,8,8,1*79
$GPFPD,1593,202757.00,316.830,-0.560,1.500,38.2234922,119.1219869,30.223,-0.021,-0.094,-0.023,1.993,8,8,1*78
$GPFPD,1593,202758.00,316.860,-0.560,1.480,38.2234922,119.1219867,30.227,-0.006,-0.070,-0.015,1.991,8,8,1*79
$GPFPD,1593,202759.00,316.880,-0.580,1.470,38.2234921,119.1219867,30.235,0.004,-0.093,-0.018,1.993,8,8,1*5A
$GPFPD,1593,202760.00,316.900,-0.590,1.480,38.2234920,119.1219867,30.244,0.005,-0.086,-0.012,1.992,8,8,1*5E
$GPFPD,1593,202761.00,316.920,-0.580,1.510,38.2234919,119.1219866,30.251,-0.007,-0.095,-0.016,1.992,8,8,1*72
$GPFPD,1593,202762.00,316.930,-0.560,1.500,38.2234917,119.1219865,30.253,-0.012,-0.084,-0.021,1.992,8,8,1*70
$GPFPD,1593,202763.00,316.950,-0.570,1.490,38.2234916,119.1219864,30.258,-0.008,-0.077,-0.013,1.995,8,8,1*74
$GPFPD,1593,202764.00,316.970,-0.580,1.480,38.2234915,119.1219863,30.265,-0.003,-0.080,-0.013,1.992,8,8,1*71
$GPFPD,1593,202765.00,317.000,-0.580,1.490,38.2234914,119.1219863,30.270,-0.007,-0.089,-0.020,1.992,8,8,1*76
$GPFPD,1593,202766.00,317.000,-0.580,1.500,38.2234912,119.1219861,30.269,-0.014,-0.094,-0.024,1.990,8,8,1*79
$GPFPD,1593,202767.00,317.010,-0.580,1.490,38.2234910,119.1219859,30.267,-0.001,-0.086,-0.022,1.994,8,8,1*73
$GPFPD,1593,202768.00,317.020,-0.590,1.480,38.2234908,119.1219859,30.265,0.002,-0.065,-0.019,1.992,8,8,1*59
$GPFPD,1593,202769.00,317.040,-0.580,1.470,38.2234908,119.1219860,30.272,0.007,-0.074,-0.013,1.988,8,8,1*58
$GPFPD,1593,202770.00,317.070,-0.580,1.490,38.2234908,119.1219859,30.284,-0.003,-0.082,-0.006,1.990,8,8,1*73
$GPFPD,1593,202771.00,317.080,-0.610,1.500,38.2234906,119.1219858,30.300,-0.003,-0.092,-0.004,1.993,8,8,1*7D
$GPFPD,1593,202772.00,317.090,-0.590,1.510,38.2234903,119.1219857,30.309,0.000,-0.103,-0.023,1.992,8,8,1*55
$GPFPD,1593,202773.00,317.110,-0.580,1.500,38.2234902,119.1219856,30.306,-0.001,-0.076,-0.024,1.993,8,8,1*7B
$GPFPD,1593,202774.00,317.130,-0.580,1.470,38.2234900,119.1219856,30.303,-0.005,-0.077,-0.022,1.989,8,8,1*77
$GPFPD,1593,202775.00,317.160,-0.580,1.480,38.2234899,119.1219855,30.310,-0.003,-0.076,-0.014,1.991,8,8,1*77
$GPFPD,1593,202776.00,317.170,-0.590,1.500,38.2234898,119.1219854,30.318,-0.012,-0.101,-0.020,1.990,8,8,1*72
$GPFPD,1593,202777.00,317.170,-0.600,1.500,38.2234895,119.1219853,30.319,-0.006,-0.091,-0.026,1.990,8,8,1*79
$GPFPD,1593,202778.00,317.170,-0.580,1.480,38.2234894,119.1219852,30.316,-0.001,-0.082,-0.030,1.992,8,8,1*7B
$GPFPD,1593,202779.00,317.200,-0.580,1.460,38.2234892,119.1219851,30.318,-0.006,-0.082,-0.024,1.987,8,8,1*7D
$GPFPD,1593,202780.00,317.220,-0.590,1.460,38.2234892,119.1219850,30.325,-0.008,-0.093,-0.016,1.992,8,8,1*7C
$GPFPD,1593,202781.00,317.230,-0.610,1.480,38.2234890,119.1219849,30.340,-0.011,-0.084,-0.007,1.990,8,8,1*7C
$GPFPD,1593,202782.00,317.220,-0.590,1.490,38.2234888,119.1219848,30.356,-0.003,-0.095,-0.015,1.987,8,8,1*7D
$GPFPD,1593,202783.00,317.230,-0.590,1.490,38.2234886,119.1219848,30.362,0.000,-0.089,-0.026,1.989,8,8,1*59
$GPFPD,1593,202784.00,317.250,-0.570,1.470,38.2234885,119.1219847,30.359,-0.002,-0.083,-0.033,1.989,8,8,1*7D
$GPFPD,1593,202785.00,317.270,-0.570,1.470,38.2234884,119.1219847,30.361,-0.008,-0.080,-0.023,1.991,8,8,1*75
$GPFPD,1593,202786.00,317.280,-0.590,1.490,38.2234883,119.1219846,30.374,-0.008,-0.086,-0.006,1.990,8,8,1*7B
$GPFPD,1593,202787.00,317.290,-0.600,1.500,38.2234881,119.1219845,30.392,-0.010,-0.099,-0.009,1.993,8,8,1*7B
$GPFPD,1593,202788.00,317.300,-0.590,1.500,38.2234879,119.1219843,30.404,-0.006,-0.104,-0.023,1.988,8,8,1*7F
$GPFPD,1593,202789.00,317.310,-0.590,1.480,38.2234876,119.1219842,30.406,-0.015,-0.097,-0.028,1.989,8,8,1*79
$GPFPD,1593,202790.00,317.320,-0.590,1.470,38.2234874,119.1219841,30.405,-0.002,-0.092,-0.028,1.990,8,8,1*74
$GPFPD,1593,202791.00,317.330,-0.580,1.470,38.2234873,119.1219840,30.409,-0.002,-0.089,-0.028,1.989,8,8,1*7D
$GPFPD,1593,202792.00,317.330,-0.580,1.480,38.2234871,119.1219839,30.415,-0.002,-0.096,-0.027,1.992,8,8,1*7B
$GPFPD,1593,202793.00,317.340,-0.590,1.490,38.2234869,119.1219838,30.419,-0.002,-0.096,-0.024,1.990,8,8,1*78
$GPFPD,1593,202794.00,317.360,-0.580,1.490,38.2234867,119.1219836,30.424,-0.011,-0.089,-0.026,1.987,8,8,1*7A
$GPFPD,1593,202795.00,317.380,-0.590,1.480,38.2234866,119.1219835,30.432,-0.010,-0.091,-0.023,1.991,8,8,1*7A
$GPFPD,1593,202796.00,317.390,-0.590,1.470,38.2234864,119.1219833,30.444,-0.015,-0.087,-0.012,1.987,8,8,1*75
$GPFPD,1593,202797.00,317.410,-0.600,1.480,38.2234863,119.1219832,30.464,-0.009,-0.085,-0.007,1.992,8,8,1*75
$GPFPD,1593,202798.00,317.420,-0.600,1.500,38.2234861,119.1219831,30.481,-0.009,-0.096,-0.019,1.988,8,8,1*7C
$GPFPD,1593,202799.00,317.420,-0.590,1.490,38.2234858,119.1219829,30.483,-0.004,-0.097,-0.032,1.986,8,8,1*75
$GPFPD,1593,202800.00,317.430,-0.580,1.490,38.2234856,119.1219828,30.477,-0.018,-0.089,-0.035,1.989,8,8,1*74
$GPFPD,1593,202801.00,317.440,-0.570,1.490,38.2234854,119.1219826,30.476,-0.012,-0.086,-0.031,1.990,8,8,1*79
$GPFPD,1593,202802.00,317.460,-0.580,1.480,38.2234852,119.1219822,30.480,-0.028,-0.092,-0.025,1.993,8,8,1*77
$GPFPD,1593,202803.00,317.480,-0.610,1.460,38.2234850,119.1219820,30.491,-0.003,-0.088,-0.012,1.986,8,8,1*7E
$GPFPD,1593,202804.00,317.490,-0.610,1.450,38.2234849,119.1219821,30.509,0.004,-0.089,-0.015,1.990,8,8,1*59
$GPFPD,1593,202805.00,317.520,-0.590,1.470,38.2234847,119.1219821,30.520,0.000,-0.095,-0.021,1.989,8,8,1*58
$GPFPD,1593,202806.00,317.530,-0.580,1.490,38.2234845,119.1219820,30.528,-0.019,-0.086,-0.020,1.986,8,8,1*77
$GPFPD,1593,202807.00,317.530,-0.570,1.500,38.2234843,119.1219818,30.538,-0.014,-0.087,-0.017,1.986,8,8,1*75
$GPFPD,1593,202808.00,317.540,-0.580,1.500,38.2234840,119.1219815,30.548,-0.018,-0.096,-0.024,1.987,8,8,1*76
$GPFPD,1593,202809.00,317.550,-0.590,1.490,38.2234837,119.1219813,30.545,-0.010,-0.108,-0.040,1.988,8,8,1*77
$GPFPD,1593,202810.00,317.580,-0.580,1.470,38.2234835,119.1219812,30.537,-0.004,-0.086,-0.039,1.982,8,8,1*7D
$GPFPD,1593,202811.00,317.600,-0.580,1.450,38.2234834,119.1219812,30.540,0.002,-0.073,-0.023,1.988,8,8,1*54
$GPFPD,1593,202812.00,317.610,-0.590,1.470,38.2234833,119.1219811,30.558,-0.004,-0.084,-0.007,1.986,8,8,1*73
$GPFPD,1593,202813.00,317.620,-0.590,1.490,38.2234832,119.1219810,30.584,-0.025,-0.084,0.000,1.989,8,8,1*58
$GPFPD,1593,202814.00,317.630,-0.590,1.500,38.2234829,119.1219807,30.605,-0.016,-0.102,-0.018,1.988,8,8,1*7A
$GPFPD,1593,202815.00,317.650,-0.590,1.460,38.2234827,119.1219805,30.610,-0.004,-0.087,-0.028,1.986,8,8,1*70
$GPFPD,1593,202816.00,317.680,-0.580,1.450,38.2234825,119.1219805,30.611,0.002,-0.075,-0.028,1.984,8,8,1*5B
$GPFPD,1593,202817.00,317.690,-0.560,1.470,38.2234824,119.1219805,30.618,-0.006,-0.080,-0.024,1.991,8,8,1*74
$GPFPD,1593,202818.00,317.700,-0.570,1.490,38.2234823,119.1219804,30.631,-0.007,-0.095,-0.018,1.989,8,8,1*72
$GPFPD,1593,202819.00,317.700,-0.580,1.500,38.2234821,119.1219802,30.645,-0.015,-0.089,-0.015,1.987,8,8,1*7E
$GPFPD,1593,202820.00,317.710,-0.580,1.480,38.2234820,119.1219800,30.659,-0.008,-0.082,-0.018,1.987,8,8,1*78
$GPFPD,1593,202821.00,317.740,-0.580,1.460,38.2234819,119.1219799,30.673,0.003,-0.073,-0.012,1.988,8,8,1*52
$GPFPD,1593,202822.00,317.760,-0.590,1.450,38.2234818,119.1219800,30.694,0.003,-0.077,-0.003,1.988,8,8,1*52
$GPFPD,1593,202823.00,317.770,-0.580,1.490,38.2234817,119.1219799,30.717,-0.011,-0.088,-0.010,1.988,8,8,1*79
$GPFPD,1593,202824.00,317.770,-0.570,1.500,38.2234816,119.1219798,30.733,-0.021,-0.089,-0.017,1.985,8,8,1*77
$GPFPD,1593,202825.00,317.770,-0.560,1.500,38.2234814,119.1219796,30.743,-0.021,-0.086,-0.020,1.984,8,8,1*76
$GPFPD,1593,202826.00,317.790,-0.570,1.480,38.2234812,119.1219793,30.750,-0.014,-0.090,-0.023,1.989,8,8,1*7D
$GPFPD,1593,202827.00,317.810,-0.590,1.460,38.2234811,119.1219791,30.758,-0.007,-0.081,-0.025,1.986,8,8,1*79
$GPFPD,1593,202828.00,317.820,-0.590,1.460,38.2234810,119.1219790,30.767,0.005,-0.080,-0.021,1.991,8,8,1*55
$GPFPD,1593,202829.00,317.830,-0.590,1.460,38.2234810,119.1219791,30.777,0.003,-0.077,-0.015,1.987,8,8,1*5B
$GPFPD,1593,202830.00,317.850,-0.600,1.470,38.2234809,119.1219791,30.795,-0.002,-0.076,-0.005,1.990,8,8,1*70
$GPFPD,1593,202831.00,317.870,-0.590,1.480,38.2234808,119.1219789,30.822,-0.010,-0.103,-0.005,1.988,8,8,1*74
$GPFPD,1593,202832.00,317.880,-0.590,1.500,38.2234806,119.1219786,30.840,-0.027,-0.102,-0.013,1.988,8,8,1*76
$GPFPD,1593,202833.00,317.880,-0.590,1.490,38.2234803,119.1219783,30.844,-0.009,-0.097,-0.033,1.988,8,8,1*78
$GPFPD,1593,202834.00,317.900,-0.590,1.460,38.2234802,119.1219782,30.840,0.003,-0.089,-0.040,1.990,8,8,1*58
$GPFPD,1593,202835.00,317.930,-0.590,1.450,38.2234802,119.1219782,30.840,0.006,-0.074,-0.024,1.986,8,8,1*5B
$GPFPD,1593,202836.00,317.960,-0.600,1.460,38.2234801,119.1219781,30.855,-0.011,-0.082,-0.008,1.987,8,8,1*7D
$GPFPD,1593,202837.00,317.970,-0.610,1.490,38.2234800,119.1219779,30.881,-0.018,-0.097,-0.005,1.985,8,8,1*7E
$GPFPD,1593,202838.00,317.960,-0.600,1.510,38.2234797,119.1219777,30.902,-0.013,-0.098,-0.017,1.984,8,8,1*7B
$GPFPD,1593,202839.00,317.970,-0.580,1.490,38.2234795,119.1219775,30.906,-0.011,-0.097,-0.036,1.987,8,8,1*70
$GPFPD,1593,202840.00,317.990,-0.570,1.460,38.2234794,119.1219773,30.901,-0.011,-0.074,-0.035,1.985,8,8,1*7C
$GPFPD,1593,202841.00,318.010,-0.590,1.440,38.2234793,119.1219772,30.908,0.000,-0.069,-0.015,1.985,8,8,1*53
$GPFPD,1593,202842.00,318.030,-0.610,1.460,38.2234793,119.1219772,30.933,-0.007,-0.081,-0.003,1.990,8,8,1*7C
$GPFPD,1593,202843.00,318.040,-0.600,1.480,38.2234792,119.1219770,30.958,-0.024,-0.095,-0.010,1.984,8,8,1*78
$GPFPD,1593,202844.00,318.040,-0.590,1.490,38.2234790,119.1219768,30.977,-0.014,-0.085,-0.013,1.987,8,8,1*70
$GPFPD,1593,202845.00,318.040,-0.570,1.490,38.2234789,119.1219766,30.988,-0.013,-0.087,-0.023,1.988,8,8,1*70
$GPFPD,1593,202846.00,318.050,-0.580,1.480,38.2234788,119.1219764,30.993,-0.004,-0.086,-0.028,1.988,8,8,1*79
$GPFPD,1593,202847.00,318.080,-0.580,1.460,38.2234787,119.1219763,31.002,0.001,-0.080,-0.021,1.986,8,8,1*5A
$GPFPD,1593,202848.00,318.110,-0.590,1.470,38.2234787,119.1219763,31.016,-0.004,-0.083,-0.014,1.984,8,8,1*77
$GPFPD,1593,202849.00,318.130,-0.580,1.480,38.2234786,119.1219762,31.032,-0.015,-0.089,-0.016,1.986,8,8,1*76
$GPFPD,1593,202850.00,318.140,-0.580,1.480,38.2234785,119.1219760,31.048,-0.011,-0.082,-0.014,1.988,8,8,1*76
$GPFPD,1593,202851.00,318.160,-0.590,1.470,38.2234784,119.1219758,31.065,-0.006,-0.082,-0.011,1.990,8,8,1*74
$GPFPD,1593,202852.00,318.190,-0.600,1.470,38.2234783,119.1219757,31.084,-0.007,-0.084,-0.012,1.986,8,8,1*76
$GPFPD,1593,202853.00,318.200,-0.590,1.470,38.2234782,119.1219755,31.099,-0.004,-0.091,-0.018,1.990,8,8,1*72
$GPFPD,1593,202854.00,318.210,-0.580,1.470,38.2234781,119.1219755,31.112,-0.001,-0.086,-0.019,1.989,8,8,1*7E
$GPFPD,1593,202855.00,318.230,-0.560,1.480,38.2234781,119.1219754,31.123,-0.009,-0.080,-0.021,1.989,8,8,1*7A
$GPFPD,1593,202856.00,318.250,-0.570,1.480,38.2234780,119.1219753,31.131,-0.005,-0.079,-0.023,1.987,8,8,1*7D
$GPFPD,1593,202857.00,318.270,-0.580,1.480,38.2234781,119.1219751,31.145,-0.008,-0.085,-0.017,1.992,8,8,1*7C
$GPFPD,1593,202858.00,318.290,-0.590,1.470,38.2234781,119.1219750,31.166,-0.003,-0.086,-0.004,1.990,8,8,1*7B
$GPFPD,1593,202859.00,318.300,-0.600,1.470,38.2234780,119.1219749,31.189,-0.002,-0.088,-0.005,1.989,8,8,1*76
$GPFPD,1593,202860.00,318.320,-0.590,1.470,38.2234779,119.1219749,31.208,-0.001,-0.090,-0.012,1.988,8,8,1*75
$GPFPD,1593,202861.00,318.320,-0.580,1.480,38.2234779,119.1219748,31.220,-0.003,-0.079,-0.014,1.989,8,8,1*73
$GPFPD,1593,202862.00,318.330,-0.570,1.480,38.2234778,119.1219746,31.229,-0.016,-0.079,-0.018,1.991,8,8,1*79
$GPFPD,1593,202863.00,318.340,-0.580,1.490,38.2234778,119.1219745,31.239,-0.005,-0.078,-0.015,1.991,8,8,1*7D
$GPFPD,1593,202864.00,318.340,-0.580,1.490,38.2234777,119.1219743,31.248,-0.003,-0.091,-0.020,1.989,8,8,1*7B
$GPFPD,1593,202865.00,318.360,-0.580,1.480,38.2234776,119.1219741,31.256,-0.015,-0.086,-0.017,1.989,8,8,1*70
$GPFPD,1593,202866.00,318.370,-0.580,1.480,38.2234775,119.1219739,31.264,-0.016,-0.079,-0.015,1.988,8,8,1*7F
$GPFPD,1593,202867.00,318.370,-0.590,1.470,38.2234774,119.1219738,31.275,-0.005,-0.086,-0.013,1.989,8,8,1*75
$GPFPD,1593,202868.00,318.380,-0.590,1.470,38.2234773,119.1219737,31.287,0.001,-0.079,-0.010,1.988,8,8,1*5B
$GPFPD,1593,202869.00,318.390,-0.580,1.470,38.2234771,119.1219737,31.297,0.000,-0.090,-0.020,1.986,8,8,1*52
$GPFPD,1593,202870.00,318.400,-0.580,1.490,38.2234770,119.1219735,31.301,-0.017,-0.085,-0.019,1.987,8,8,1*73
$GPFPD,1593,202871.00,318.410,-0.580,1.490,38.2234769,119.1219733,31.306,-0.011,-0.087,-0.017,1.986,8,8,1*71
$GPFPD,1593,202872.00,318.410,-0.600,1.480,38.2234768,119.1219731,31.314,-0.008,-0.082,-0.015,1.990,8,8,1*70
$GPFPD,1593,202873.00,318.430,-0.600,1.470,38.2234766,119.1219730,31.321,-0.009,-0.088,-0.018,1.986,8,8,1*74
$GPFPD,1593,202874.00,318.460,-0.610,1.460,38.2234766,119.1219730,31.327,0.005,-0.085,-0.017,1.986,8,8,1*53
$GPFPD,1593,202875.00,318.480,-0.610,1.460,38.2234765,119.1219730,31.334,0.013,-0.077,-0.013,1.984,8,8,1*51
$GPFPD,1593,202876.00,318.490,-0.600,1.480,38.2234764,119.1219730,31.345,-0.011,-0.080,-0.011,1.989,8,8,1*73
$GPFPD,1593,202877.00,318.500,-0.590,1.490,38.2234763,119.1219729,31.352,-0.007,-0.088,-0.014,1.988,8,8,1*73
$GPFPD,1593,202878.00,318.520,-0.590,1.490,38.2234762,119.1219726,31.361,-0.017,-0.093,-0.014,1.990,8,8,1*72
$GPFPD,1593,202879.00,318.540,-0.610,1.480,38.2234760,119.1219724,31.367,-0.007,-0.101,-0.022,1.989,8,8,1*7F
$GPFPD,1593,202880.00,318.550,-0.610,1.460,38.2234759,119.1219724,31.371,0.010,-0.088,-0.021,1.987,8,8,1*5D
$GPFPD,1593,202881.00,318.570,-0.590,1.470,38.2234758,119.1219725,31.373,0.004,-0.078,-0.022,1.989,8,8,1*51
$GPFPD,1593,202882.00,318.580,-0.580,1.480,38.2234757,119.1219724,31.374,-0.016,-0.077,-0.018,1.987,8,8,1*7C
$GPFPD,1593,202883.00,318.590,-0.600,1.480,38.2234757,119.1219721,31.384,-0.015,-0.093,-0.009,1.990,8,8,1*72
$GPFPD,1593,202884.00,318.600,-0.610,1.470,38.2234755,119.1219719,31.399,-0.007,-0.093,-0.009,1.991,8,8,1*76
$GPFPD,1593,202885.00,318.620,-0.610,1.480,38.2234754,119.1219719,31.408,-0.003,-0.093,-0.021,1.991,8,8,1*7A
$GPFPD,1593,202886.00,318.620,-0.590,1.480,38.2234753,119.1219718,31.408,0.004,-0.093,-0.027,1.991,8,8,1*58
$GPFPD,1593,202887.00,318.630,-0.590,1.480,38.2234752,119.1219718,31.409,-0.003,-0.082,-0.020,1.992,8,8,1*76
$GPFPD,1593,202888.00,318.650,-0.590,1.490,38.2234752,119.1219717,31.414,-0.004,-0.077,-0.014,1.990,8,8,1*75
$GPFPD,1593,202889.00,318.660,-0.600,1.490,38.2234751,119.1219716,31.423,-0.015,-0.083,-0.011,1.988,8,8,1*7C
$GPFPD,1593,202890.00,318.660,-0.600,1.490,38.2234750,119.1219714,31.433,-0.008,-0.094,-0.013,1.991,8,8,1*76
$GPFPD,1593,202891.00,318.660,-0.600,1.490,38.2234748,119.1219713,31.439,-0.005,-0.091,-0.017,1.990,8,8,1*7E
$GPFPD,1593,202892.00,318.660,-0.600,1.480,38.2234747,119.1219712,31.440,0.000,-0.083,-0.021,1.988,8,8,1*5B
$GPFPD,1593,202893.00,318.670,-0.590,1.470,38.2234747,119.1219712,31.441,-0.002,-0.074,-0.018,1.990,8,8,1*7B
$GPFPD,1593,202894.00,318.690,-0.600,1.470,38.2234746,119.1219710,31.445,-0.012,-0.081,-0.014,1.986,8,8,1*7F
$GPFPD,1593,202895.00,318.690,-0.600,1.480,38.2234745,119.1219709,31.450,-0.002,-0.094,-0.018,1.988,8,8,1*79
$GPFPD,1593,202896.00,318.690,-0.590,1.490,38.2234743,119.1219709,31.454,-0.001,-0.100,-0.023,1.990,8,8,1*7D
$GPFPD,1593,202897.00,318.700,-0.580,1.490,38.2234740,119.1219708,31.447,-0.013,-0.089,-0.030,1.988,8,8,1*7D
$GPFPD,1593,202898.00,318.710,-0.570,1.470,38.2234739,119.1219707,31.441,-0.004,-0.087,-0.028,1.989,8,8,1*75
$GPFPD,1593,202899.00,318.720,-0.590,1.470,38.2234738,119.1219708,31.440,0.003,-0.081,-0.018,1.986,8,8,1*56
$GPFPD,1593,202900.00,318.730,-0.600,1.490,38.2234737,119.1219707,31.448,-0.007,-0.081,-0.010,1.988,8,8,1*75
$GPFPD,1593,202901.00,318.730,-0.600,1.500,38.2234736,119.1219706,31.458,-0.002,-0.096,-0.015,1.988,8,8,1*7B
$GPFPD,1593,202902.00,318.750,-0.600,1.490,38.2234733,119.1219705,31.463,-0.003,-0.097,-0.019,1.991,8,8,1*7C
$GPFPD,1593,202903.00,318.760,-0.590,1.480,38.2234731,119.1219705,31.460,0.000,-0.101,-0.032,1.991,8,8,1*5D
$GPFPD,1593,202904.00,318.780,-0.590,1.460,38.2234730,119.1219704,31.455,-0.006,-0.082,-0.030,1.986,8,8,1*79
$GPFPD,1593,202905.00,318.790,-0.590,1.480,38.2234729,119.1219704,31.453,-0.006,-0.085,-0.025,1.990,8,8,1*7D
$GPFPD,1593,202906.00,318.790,-0.610,1.480,38.2234727,119.1219702,31.452,-0.010,-0.091,-0.023,1.985,8,8,1*7C
$GPFPD,1593,202907.00,318.810,-0.610,1.470,38.2234726,119.1219701,31.456,0.003,-0.080,-0.017,1.989,8,8,1*57
$GPFPD,1593,202908.00,318.830,-0.600,1.460,38.2234725,119.1219702,31.464,0.004,-0.073,-0.012,1.990,8,8,1*5D
$GPFPD,1593,202909.00,318.840,-0.590,1.460,38.2234725,119.1219703,31.474,0.001,-0.076,-0.010,1.988,8,8,1*5A
$GPFPD,1593,202910.00,318.860,-0.590,1.480,38.2234724,119.1219702,31.484,-0.014,-0.078,-0.010,1.992,8,8,1*7D
$GPFPD,1593,202911.00,318.880,-0.610,1.490,38.2234723,119.1219700,31.491,-0.013,-0.092,-0.017,1.988,8,8,1*76
$GPFPD,1593,202912.00,318.890,-0.600,1.470,38.2234721,119.1219699,31.493,0.003,-0.087,-0.021,1.991,8,8,1*5F
$GPFPD,1593,202913.00,318.900,-0.590,1.460,38.2234720,119.1219699,31.489,0.000,-0.084,-0.025,1.991,8,8,1*53
$GPFPD,1593,202914.00,318.910,-0.580,1.470,38.2234720,119.1219699,31.487,-0.004,-0.080,-0.021,1.988,8,8,1*7A
$GPFPD,1593,202915.00,318.930,-0.590,1.460,38.2234720,119.1219697,31.492,-0.013,-0.081,-0.008,1.988,8,8,1*7F
$GPFPD,1593,202916.00,318.950,-0.600,1.470,38.2234719,119.1219697,31.505,-0.001,-0.092,-0.004,1.993,8,8,1*73
$GPFPD,1593,202917.00,318.970,-0.590,1.480,38.2234717,119.1219696,31.515,-0.004,-0.095,-0.014,1.993,8,8,1*78
$GPFPD,1593,202918.00,318.980,-0.580,1.480,38.2234716,119.1219695,31.510,-0.004,-0.084,-0.025,1.991,8,8,1*7E
$GPFPD,1593,202919.00,318.980,-0.590,1.470,38.2234715,119.1219694,31.501,0.000,-0.067,-0.019,1.993,8,8,1*5A
$GPFPD,1593,202920.00,319.000,-0.580,1.470,38.2234715,119.1219694,31.500,0.001,-0.071,-0.014,1.992,8,8,1*5A
$GPFPD,1593,202921.00,319.010,-0.590,1.480,38.2234714,119.1219693,31.504,-0.007,-0.099,-0.018,1.991,8,8,1*74
$GPFPD,1593,202922.00,319.030,-0.590,1.480,38.2234712,119.1219692,31.501,-0.014,-0.080,-0.018,1.993,8,8,1*7F
$GPFPD,1593,202923.00,319.030,-0.590,1.470,38.2234711,119.1219691,31.495,-0.006,-0.080,-0.019,1.990,8,8,1*7C
$GPFPD,1593,202924.00,319.050,-0.610,1.460,38.2234711,119.1219690,31.499,-0.009,-0.078,-0.007,1.992,8,8,1*7F
$GPFPD,1593,202925.00,319.060,-0.610,1.480,38.2234710,119.1219689,31.504,-0.011,-0.089,-0.009,1.988,8,8,1*7D
$GPFPD,1593,202926.00,319.080,-0.600,1.470,38.2234709,119.1219687,31.502,-0.009,-0.090,-0.017,1.993,8,8,1*7A
$GPFPD,1593,202927.00,319.100,-0.600,1.470,38.2234707,119.1219687,31.498,-0.004,-0.083,-0.022,1.992,8,8,1*76
$GPFPD,1593,202928.00,319.100,-0.590,1.470,38.2234706,119.1219686,31.489,-0.005,-0.085,-0.022,1.992,8,8,1*74
$GPFPD,1593,202929.00,319.100,-0.590,1.490,38.2234705,119.1219685,31.480,-0.020,-0.082,-0.023,1.991,8,8,1*70
$GPFPD,1593,202930.00,319.110,-0.590,1.480,38.2234704,119.1219682,31.472,-0.022,-0.077,-0.020,1.994,8,8,1*7D
$GPFPD,1593,202931.00,319.120,-0.600,1.470,38.2234703,119.1219680,31.466,-0.011,-0.085,-0.016,1.990,8,8,1*76
$GPFPD,1593,202932.00,319.140,-0.610,1.450,38.2234702,119.1219680,31.461,-0.002,-0.080,-0.012,1.989,8,8,1*7D
$GPFPD,1593,202933.00,319.160,-0.600,1.450,38.2234701,119.1219679,31.460,-0.001,-0.076,-0.009,1.994,8,8,1*77
$GPFPD,1593,202934.00,319.170,-0.590,1.470,38.2234701,119.1219679,31.461,-0.007,-0.095,-0.011,1.994,8,8,1*7A
$GPFPD,1593,202935.00,319.180,-0.580,1.500,38.2234699,119.1219677,31.463,-0.018,-0.097,-0.009,1.994,8,8,1*7A
$GPFPD,1593,202936.00,319.180,-0.580,1.510,38.2234697,119.1219675,31.454,-0.007,-0.096,-0.027,1.992,8,8,1*75
$GPFPD,1593,202937.00,319.190,-0.580,1.480,38.2234697,119.1219673,31.438,0.001,-0.078,-0.032,1.992,8,8,1*5E
$GPFPD,1593,202938.00,319.200,-0.590,1.470,38.2234697,119.1219674,31.422,0.004,-0.074,-0.020,1.993,8,8,1*52
$GPFPD,1593,202939.00,319.220,-0.600,1.480,38.2234697,119.1219673,31.420,-0.004,-0.088,-0.008,1.992,8,8,1*74
$GPFPD,1593,202940.00,319.230,-0.600,1.490,38.2234696,119.1219672,31.429,-0.014,-0.082,0.002,1.994,8,8,1*59
$GPFPD,1593,202941.00,319.240,-0.600,1.500,38.2234695,119.1219670,31.438,-0.014,-0.092,-0.002,1.991,8,8,1*7F
$GPFPD,1593,202942.00,319.240,-0.590,1.490,38.2234694,119.1219668,31.434,-0.003,-0.088,-0.015,1.993,8,8,1*73
$GPFPD,1593,202943.00,319.250,-0.600,1.480,38.2234693,119.1219667,31.423,-0.002,-0.080,-0.023,1.993,8,8,1*7A
$GPFPD,1593,202944.00,319.260,-0.590,1.490,38.2234692,119.1219667,31.410,-0.001,-0.085,-0.023,1.994,8,8,1*75
$GPFPD,1593,202945.00,319.270,-0.590,1.490,38.2234691,119.1219666,31.396,-0.014,-0.085,-0.019,1.994,8,8,1*73
$GPFPD,1593,202946.00,319.280,-0.600,1.470,38.2234691,119.1219665,31.389,-0.001,-0.076,-0.014,1.993,8,8,1*74
$GPFPD,1593,202947.00,319.290,-0.600,1.470,38.2234690,119.1219665,31.386,0.001,-0.079,-0.012,1.990,8,8,1*5D
$GPFPD,1593,202948.00,319.300,-0.600,1.490,38.2234689,119.1219664,31.383,-0.008,-0.089,-0.013,1.989,8,8,1*7A
$GPFPD,1593,202949.00,319.320,-0.600,1.500,38.2234688,119.1219663,31.377,-0.005,-0.084,-0.014,1.989,8,8,1*7B
$GPFPD,1593,202950.00,319.330,-0.600,1.490,38.2234686,119.1219662,31.368,-0.001,-0.094,-0.020,1.991,8,8,1*70
$GPFPD,1593,202951.00,319.350,-0.600,1.470,38.2234685,119.1219662,31.358,0.003,-0.080,-0.018,1.993,8,8,1*5A
$GPFPD,1593,202952.00,319.350,-0.600,1.480,38.2234684,119.1219661,31.349,-0.005,-0.084,-0.018,1.993,8,8,1*7B
$GPFPD,1593,202953.00,319.360,-0.610,1.480,38.2234683,119.1219661,31.343,-0.006,-0.082,-0.017,1.993,8,8,1*7F
$GPFPD,1593,202954.00,319.370,-0.600,1.490,38.2234682,119.1219660,31.339,-0.013,-0.092,-0.019,1.991,8,8,1*7D
$GPFPD,1593,202955.00,319.380,-0.610,1.500,38.2234688,119.1219661,31.336,-0.018,-0.083,-0.020,1.993,8,8,1*7D
$GPFPD,1593,202956.00,319.380,-0.600,1.500,38.2234697,119.1219662,31.338,-0.009,-0.081,-0.024,1.993,8,8,1*7A
$GPFPD,1593,202957.00,319.390,-0.600,1.480,38.2234705,119.1219662,31.349,-0.006,-0.074,-0.014,1.991,8,8,1*7B
$GPFPD,1593,202958.00,319.420,-0.610,1.460,38.2234712,119.1219662,31.370,0.000,-0.071,0.000,1.992,8,8,1*7E
$GPFPD,1593,202959.00,319.440,-0.600,1.460,38.2234717,119.1219662,31.398,-0.011,-0.075,0.000,1.991,8,8,1*51
$GPFPD,1593,202960.00,319.460,-0.590,1.470,38.2234720,119.1219661,31.426,-0.013,-0.073,-0.004,1.988,8,8,1*72
$GPFPD,1593,202961.00,319.450,-0.580,1.500,38.2234722,119.1219658,31.448,-0.020,-0.075,-0.006,1.988,8,8,1*73
$GPFPD,1593,202962.00,319.450,-0.580,1.500,38.2234724,119.1219656,31.468,-0.008,-0.077,-0.008,1.993,8,8,1*76
$GPFPD,1593,202963.00,319.460,-0.590,1.490,38.2234725,119.1219655,31.486,-0.001,-0.075,-0.016,1.991,8,8,1*79
$GPFPD,1593,202964.00,319.480,-0.570,1.470,38.2234726,119.1219654,31.498,-0.005,-0.068,-0.018,1.991,8,8,1*7B
$GPFPD,1593,202965.00,319.510,-0.580,1.460,38.2234726,119.1219652,31.508,-0.016,-0.054,-0.011,1.993,8,8,1*74
$GPFPD,1593,202966.00,319.530,-0.590,1.460,38.2234727,119.1219651,31.528,-0.008,-0.066,0.002,1.991,8,8,1*57
$GPFPD,1593,202967.00,319.530,-0.610,1.480,38.2234727,119.1219649,31.563,-0.008,-0.078,0.014,1.990,8,8,1*5C
$GPFPD,1593,202968.00,319.540,-0.600,1.500,38.2234726,119.1219647,31.593,-0.016,-0.090,0.001,1.991,8,8,1*50
$GPFPD,1593,202969.00,319.530,-0.580,1.500,38.2234725,119.1219645,31.604,-0.010,-0.086,-0.024,1.991,8,8,1*7A
$GPFPD,1593,202970.00,319.550,-0.570,1.470,38.2234724,119.1219644,31.599,-0.005,-0.080,-0.036,1.990,8,8,1*7A
$GPFPD,1593,202971.00,319.570,-0.570,1.450,38.2234724,119.1219643,31.598,-0.008,-0.052,-0.013,1.991,8,8,1*79
$GPFPD,1593,202972.00,319.590,-0.580,1.460,38.2234725,119.1219642,31.615,-0.012,-0.057,0.004,1.988,8,8,1*53
$GPFPD,1593,202973.00,319.600,-0.610,1.490,38.2234725,119.1219640,31.643,-0.017,-0.096,0.004,1.989,8,8,1*55
$GPFPD,1593,202974.00,319.610,-0.620,1.490,38.2234724,119.1219638,31.666,-0.013,-0.075,0.005,1.990,8,8,1*59
$GPFPD,1593,202975.00,319.600,-0.600,1.500,38.2234722,119.1219637,31.676,-0.007,-0.097,-0.017,1.990,8,8,1*7C
$GPFPD,1593,202976.00,319.600,-0.580,1.490,38.2234720,119.1219636,31.673,-0.010,-0.082,-0.027,1.990,8,8,1*7B
$GPFPD,1593,202977.00,319.610,-0.580,1.470,38.2234720,119.1219635,31.670,-0.006,-0.061,-0.017,1.987,8,8,1*7A
$GPFPD,1593,202978.00,319.630,-0.590,1.460,38.2234720,119.1219634,31.672,-0.006,-0.066,-0.009,1.991,8,8,1*7B
$GPFPD,1593,202979.00,319.660,-0.600,1.470,38.2234719,119.1219633,31.685,-0.012,-0.074,0.000,1.991,8,8,1*53
$GPFPD,1593,202980.00,319.670,-0.610,1.490,38.2234718,119.1219632,31.704,-0.016,-0.076,0.009,1.987,8,8,1*5B
$GPFPD,1593,202981.00,319.660,-0.600,1.500,38.2234716,119.1219629,31.716,-0.014,-0.082,-0.008,1.987,8,8,1*70
$GPFPD,1593,202982.00,319.650,-0.580,1.500,38.2234714,119.1219628,31.710,-0.014,-0.079,-0.027,1.988,8,8,1*78
$GPFPD,1593,202983.00,319.660,-0.570,1.480,38.2234713,119.1219627,31.698,-0.006,-0.058,-0.023,1.988,8,8,1*71
$GPFPD,1593,202984.00,319.680,-0.590,1.460,38.2234713,119.1219627,31.693,-0.005,-0.061,-0.008,1.989,8,8,1*72
$GPFPD,1593,202985.00,319.710,-0.600,1.460,38.2234713,119.1219627,31.706,0.003,-0.073,0.003,1.987,8,8,1*7C
$GPFPD,1593,202986.00,319.720,-0.600,1.490,38.2234712,119.1219626,31.724,-0.012,-0.081,0.006,1.989,8,8,1*58
$GPFPD,1593,202987.00,319.730,-0.600,1.500,38.2234710,119.1219623,31.735,-0.022,-0.093,-0.001,1.991,8,8,1*74
$GPFPD,1593,202988.00,319.720,-0.590,1.510,38.2234708,119.1219621,31.737,-0.016,-0.077,-0.011,1.987,8,8,1*73
$GPFPD,1593,202989.00,319.730,-0.570,1.500,38.2234707,119.1219620,31.732,-0.003,-0.071,-0.018,1.990,8,8,1*7A
$GPFPD,1593,202990.00,319.750,-0.590,1.480,38.2234706,119.1219620,31.725,0.000,-0.060,-0.011,1.987,8,8,1*55
$GPFPD,1593,202991.00,319.780,-0.590,1.470,38.2234707,119.1219619,31.727,-0.002,-0.066,-0.004,1.990,8,8,1*74
$GPFPD,1593,202992.00,319.800,-0.590,1.480,38.2234706,119.1219619,31.734,-0.015,-0.072,0.000,1.990,8,8,1*56
$GPFPD,1593,202993.00,319.810,-0.600,1.490,38.2234705,119.1219617,31.743,-0.025,-0.083,0.001,1.989,8,8,1*54
$GPFPD,1593,202994.00,319.810,-0.600,1.490,38.2234703,119.1219614,31.745,-0.018,-0.071,-0.002,1.990,8,8,1*75
$GPFPD,1593,202995.00,319.810,-0.590,1.490,38.2234702,119.1219613,31.743,-0.001,-0.078,-0.015,1.993,8,8,1*7A
$GPFPD,1593,202996.00,319.820,-0.580,1.490,38.2234700,119.1219612,31.733,-0.006,-0.076,-0.020,1.991,8,8,1*72
$GPFPD,1593,202997.00,319.850,-0.580,1.490,38.2234700,119.1219612,31.720,-0.012,-0.070,-0.018,1.990,8,8,1*7F
$GPFPD,1593,202998.00,319.860,-0.580,1.470,38.2234700,119.1219611,31.715,-0.009,-0.054,-0.005,1.989,8,8,1*70
$GPFPD,1593,202999.00,319.890,-0.610,1.460,38.2234700,119.1219611,31.724,-0.012,-0.062,0.008,1.991,8,8,1*51
$GPFPD,1593,203000.00,319.910,-0.610,1.480,38.2234699,119.1219610,31.735,-0.015,-0.079,0.008,1.992,8,8,1*50
$GPFPD,1593,203001.00,319.910,-0.600,1.490,38.2234698,119.1219608,31.740,-0.021,-0.071,0.000,1.991,8,8,1*5F
$GPFPD,1593,203002.00,319.920,-0.580,1.480,38.2234696,119.1219606,31.736,-0.014,-0.072,-0.012,1.989,8,8,1*76
$GPFPD,1593,203003.00,319.930,-0.570,1.470,38.2234696,119.1219605,31.726,-0.004,-0.060,-0.010,1.991,8,8,1*7D
$GPFPD,1593,203004.00,319.950,-0.570,1.470,38.2234695,119.1219605,31.719,-0.001,-0.066,-0.011,1.989,8,8,1*78
$GPFPD,1593,203005.00,319.970,-0.570,1.490,38.2234695,119.1219605,31.717,-0.007,-0.075,-0.009,1.988,8,8,1*77
$GPFPD,1593,203006.00,319.990,-0.590,1.490,38.2234694,119.1219604,31.716,-0.018,-0.067,-0.001,1.992,8,8,1*7B
$GPFPD,1593,203007.00,320.000,-0.590,1.480,38.2234694,119.1219602,31.719,-0.009,-0.076,0.001,1.993,8,8,1*54
$GPFPD,1593,203008.00,320.010,-0.600,1.460,38.2234693,119.1219602,31.726,-0.002,-0.084,0.000,1.995,8,8,1*54
$GPFPD,1593,203009.00,320.030,-0.600,1.470,38.2234692,119.1219601,31.733,-0.011,-0.076,0.004,1.991,8,8,1*5F
$GPFPD,1593,203010.00,320.040,-0.590,1.490,38.2234691,119.1219600,31.734,-0.015,-0.078,-0.005,1.993,8,8,1*75
$GPFPD,1593,203011.00,320.040,-0.590,1.490,38.2234690,119.1219598,31.726,-0.020,-0.079,-0.017,1.997,8,8,1*74
$GPFPD,1593,203012.00,320.040,-0.590,1.470,38.2234689,119.1219596,31.712,-0.006,-0.078,-0.020,1.995,8,8,1*7B
$GPFPD,1593,203013.00,320.060,-0.590,1.460,38.2234687,119.1219596,31.698,0.000,-0.074,-0.019,1.995,8,8,1*59
$GPFPD,1593,203014.00,320.070,-0.590,1.460,38.2234687,119.1219596,31.684,-0.009,-0.063,-0.015,1.994,8,8,1*7D
$GPFPD,1593,203015.00,320.080,-0.600,1.470,38.2234687,119.1219595,31.679,-0.008,-0.079,-0.007,1.994,8,8,1*70
$GPFPD,1593,203016.00,320.090,-0.610,1.480,38.2234687,119.1219594,31.687,-0.013,-0.069,0.014,1.989,8,8,1*54
$GPFPD,1593,203017.00,320.100,-0.620,1.490,38.2234686,119.1219593,31.700,-0.011,-0.090,0.006,1.993,8,8,1*5B
$GPFPD,1593,203018.00,320.100,-0.610,1.500,38.2234683,119.1219592,31.696,-0.011,-0.087,-0.016,1.992,8,8,1*7E
$GPFPD,1593,203019.00,320.110,-0.590,1.480,38.2234682,119.1219591,31.674,-0.011,-0.074,-0.026,1.995,8,8,1*7A
$GPFPD,1593,203020.00,320.120,-0.590,1.470,38.2234682,119.1219591,31.655,-0.006,-0.057,-0.013,1.994,8,8,1*7F
$GPFPD,1593,203021.00,320.130,-0.600,1.480,38.2234682,119.1219590,31.650,-0.014,-0.075,-0.004,1.991,8,8,1*7E
$GPFPD,1593,203022.00,320.130,-0.610,1.500,38.2234681,119.1219589,31.649,-0.020,-0.083,-0.003,1.992,8,8,1*7C
$GPFPD,1593,203023.00,320.130,-0.600,1.500,38.2234679,119.1219586,31.642,-0.016,-0.092,-0.014,1.993,8,8,1*7D
$GPFPD,1593,203024.00,320.120,-0.600,1.480,38.2234678,119.1219585,31.629,0.003,-0.072,-0.016,1.996,8,8,1*5D
$GPFPD,1593,203025.00,320.140,-0.620,1.460,38.2234678,119.1219585,31.618,0.011,-0.064,-0.009,1.994,8,8,1*5C
$GPFPD,1593,203026.00,320.170,-0.600,1.460,38.2234678,119.1219585,31.615,-0.006,-0.068,0.002,1.992,8,8,1*54
$GPFPD,1593,203027.00,320.170,-0.610,1.490,38.2234676,119.1219583,31.615,-0.031,-0.087,-0.001,1.994,8,8,1*7E
$GPFPD,1593,203028.00,320.170,-0.610,1.500,38.2234674,119.1219581,31.608,-0.017,-0.094,-0.015,1.994,8,8,1*76
$GPFPD,1593,203029.00,320.170,-0.600,1.480,38.2234672,119.1219579,31.589,-0.005,-0.076,-0.024,1.994,8,8,1*79
$GPFPD,1593,203030.00,320.180,-0.590,1.480,38.2234671,119.1219579,31.566,-0.003,-0.064,-0.024,1.992,8,8,1*75
$GPFPD,1593,203031.00,320.200,-0.590,1.470,38.2234671,119.1219579,31.549,-0.003,-0.067,-0.015,1.998,8,8,1*76
$GPFPD,1593,203032.00,320.220,-0.600,1.470,38.2234670,119.1219578,31.542,-0.004,-0.076,-0.003,1.996,8,8,1*78
$GPFPD,1593,203033.00,320.230,-0.610,1.480,38.2234669,119.1219577,31.544,-0.010,-0.080,0.002,1.996,8,8,1*57
$GPFPD,1593,203034.00,320.230,-0.610,1.490,38.2234666,119.1219576,31.542,-0.016,-0.080,-0.001,1.992,8,8,1*75
$GPFPD,1593,203035.00,320.240,-0.610,1.490,38.2234664,119.1219574,31.535,-0.018,-0.093,-0.015,1.994,8,8,1*7C
$GPFPD,1593,203036.00,320.260,-0.600,1.480,38.2234662,119.1219573,31.520,-0.007,-0.089,-0.023,1.993,8,8,1*7F
$GPFPD,1593,203037.00,320.270,-0.590,1.480,38.2234660,119.1219572,31.498,-0.007,-0.085,-0.030,1.994,8,8,1*7D
$GPFPD,1593,203038.00,320.270,-0.590,1.470,38.2234658,119.1219571,31.476,-0.003,-0.079,-0.026,1.992,8,8,1*73
$GPFPD,1593,203039.00,320.280,-0.600,1.470,38.2234657,119.1219571,31.460,-0.004,-0.078,-0.020,1.994,8,8,1*79
$GPFPD,1593,203040.00,320.300,-0.600,1.480,38.2234655,119.1219570,31.450,-0.005,-0.080,-0.012,1.992,8,8,1*70
$GPFPD,1593,203041.00,320.310,-0.600,1.480,38.2234653,119.1219570,31.448,-0.015,-0.090,-0.007,1.992,8,8,1*7B
$GPFPD,1593,203042.00,320.320,-0.600,1.480,38.2234651,119.1219568,31.445,-0.010,-0.088,-0.010,1.995,8,8,1*70
$GPFPD,1593,203043.00,320.330,-0.600,1.480,38.2234649,119.1219567,31.436,-0.014,-0.087,-0.020,1.992,8,8,1*7D
$GPFPD,1593,203044.00,320.350,-0.590,1.480,38.2234647,119.1219567,31.421,-0.010,-0.079,-0.022,1.993,8,8,1*78
$GPFPD,1593,203045.00,320.360,-0.600,1.460,38.2234646,119.1219567,31.410,-0.002,-0.076,-0.015,1.989,8,8,1*7E
$GPFPD,1593,203046.00,320.370,-0.610,1.480,38.2234645,119.1219568,31.403,0.001,-0.084,-0.011,1.992,8,8,1*50
$GPFPD,1593,203047.00,320.370,-0.600,1.510,38.2234643,119.1219567,31.397,-0.018,-0.083,-0.014,1.995,8,8,1*7B
$GPFPD,1593,203048.00,320.370,-0.600,1.500,38.2234641,119.1219565,31.385,-0.023,-0.079,-0.019,1.992,8,8,1*71
$GPFPD,1593,203049.00,320.380,-0.600,1.490,38.2234640,119.1219563,31.375,-0.003,-0.067,-0.010,1.991,8,8,1*78
$GPFPD,1593,203050.00,320.390,-0.610,1.460,38.2234640,119.1219563,31.372,0.012,-0.072,-0.005,1.995,8,8,1*51
$GPFPD,1593,203051.00,320.420,-0.610,1.470,38.2234639,119.1219564,31.372,0.003,-0.079,-0.002,1.993,8,8,1*5E
$GPFPD,1593,203052.00,320.410,-0.600,1.480,38.2234638,119.1219564,31.370,-0.018,-0.067,-0.003,1.993,8,8,1*7A
$GPFPD,1593,203053.00,320.420,-0.580,1.490,38.2234636,119.1219563,31.363,-0.029,-0.082,-0.012,1.989,8,8,1*7B
$GPFPD,1593,203054.00,320.420,-0.580,1.480,38.2234635,119.1219560,31.353,-0.018,-0.076,-0.013,1.991,8,8,1*7F
$GPFPD,1593,203055.00,320.440,-0.590,1.460,38.2234634,119.1219559,31.341,-0.002,-0.078,-0.016,1.991,8,8,1*7F
$GPFPD,1593,203056.00,320.450,-0.600,1.460,38.2234633,119.1219559,31.327,-0.004,-0.082,-0.019,1.990,8,8,1*7D
$GPFPD,1593,203057.00,320.470,-0.600,1.470,38.2234632,119.1219558,31.319,-0.012,-0.068,-0.008,1.991,8,8,1*70
$GPFPD,1593,203058.00,320.470,-0.600,1.470,38.2234632,119.1219558,31.316,0.001,-0.066,0.000,1.992,8,8,1*77
$GPFPD,1593,203059.00,320.490,-0.600,1.480,38.2234632,119.1219559,31.318,0.004,-0.076,-0.001,1.991,8,8,1*53
$GPFPD,1593,203060.00,320.510,-0.600,1.490,38.2234631,119.1219560,31.322,-0.013,-0.074,0.001,1.991,8,8,1*55
$GPFPD,1593,203061.00,320.520,-0.600,1.510,38.2234631,119.1219558,31.324,-0.021,-0.082,-0.004,1.993,8,8,1*71
$GPFPD,1593,203062.00,320.520,-0.590,1.500,38.2234629,119.1219555,31.312,-0.025,-0.081,-0.016,1.993,8,8,1*7C
$GPFPD,1593,203063.00,320.530,-0.600,1.480,38.2234627,119.1219553,31.295,-0.005,-0.074,-0.021,1.991,8,8,1*77
$GPFPD,1593,203064.00,320.550,-0.600,1.450,38.2234627,119.1219553,31.280,0.007,-0.066,-0.014,1.993,8,8,1*57
$GPFPD,1593,203065.00,320.560,-0.590,1.460,38.2234628,119.1219555,31.276,0.007,-0.061,0.000,1.991,8,8,1*71
$GPFPD,1593,203066.00,320.570,-0.580,1.490,38.2234628,119.1219554,31.278,-0.014,-0.071,0.002,1.990,8,8,1*5F
$GPFPD,1593,203067.00,320.580,-0.590,1.500,38.2234627,119.1219552,31.282,-0.020,-0.084,0.000,1.993,8,8,1*58
$GPFPD,1593,203068.00,320.590,-0.600,1.480,38.2234626,119.1219551,31.279,-0.001,-0.087,-0.007,1.990,8,8,1*7A
$GPFPD,1593,203069.00,320.610,-0.600,1.460,38.2234625,119.1219550,31.267,0.001,-0.077,-0.015,1.992,8,8,1*50
$GPFPD,1593,203070.00,320.620,-0.580,1.470,38.2234625,119.1219550,31.253,-0.006,-0.061,-0.013,1.993,8,8,1*7C
$GPFPD,1593,203071.00,320.620,-0.590,1.480,38.2234624,119.1219549,31.238,-0.006,-0.071,-0.012,1.991,8,8,1*75
$GPFPD,1593,203072.00,320.630,-0.590,1.470,38.2234624,119.1219548,31.227,-0.002,-0.076,-0.010,1.990,8,8,1*77
$GPFPD,1593,203073.00,320.660,-0.590,1.470,38.2234624,119.1219549,31.220,-0.002,-0.070,-0.007,1.992,8,8,1*77
$GPFPD,1593,203074.00,320.670,-0.590,1.470,38.2234624,119.1219548,31.214,-0.008,-0.077,-0.006,1.989,8,8,1*71
$GPFPD,1593,203075.00,320.680,-0.600,1.480,38.2234623,119.1219548,31.205,-0.009,-0.072,-0.003,1.991,8,8,1*75
$GPFPD,1593,203076.00,320.690,-0.600,1.480,38.2234622,119.1219547,31.199,-0.008,-0.077,-0.005,1.994,8,8,1*78
$GPFPD,1593,203077.00,320.700,-0.600,1.480,38.2234621,119.1219547,31.194,-0.006,-0.076,-0.005,1.991,8,8,1*75
$GPFPD,1593,203078.00,320.710,-0.580,1.480,38.2234621,119.1219546,31.185,-0.003,-0.081,-0.012,1.990,8,8,1*7B
$GPFPD,1593,203079.00,320.730,-0.580,1.470,38.2234621,119.1219545,31.174,0.000,-0.071,-0.012,1.990,8,8,1*5B
$GPFPD,1593,203080.00,320.740,-0.590,1.470,38.2234620,119.1219545,31.163,-0.007,-0.070,-0.009,1.992,8,8,1*7F
$GPFPD,1593,203081.00,320.750,-0.590,1.480,38.2234620,119.1219544,31.156,-0.007,-0.071,-0.004,1.991,8,8,1*78
$GPFPD,1593,203082.00,320.760,-0.600,1.480,38.2234620,119.1219544,31.150,-0.001,-0.075,-0.005,1.991,8,8,1*77
$GPFPD,1593,203083.00,320.770,-0.600,1.460,38.2234620,119.1219544,31.147,0.007,-0.068,0.000,1.990,8,8,1*71
$GPFPD,1593,203084.00,320.780,-0.600,1.470,38.2234620,119.1219544,31.145,-0.001,-0.070,0.003,1.992,8,8,1*59
$GPFPD,1593,203085.00,320.790,-0.590,1.500,38.2234620,119.1219543,31.141,-0.016,-0.076,-0.001,1.990,8,8,1*7B
$GPFPD,1593,203086.00,320.790,-0.590,1.500,38.2234619,119.1219541,31.133,-0.015,-0.076,-0.012,1.989,8,8,1*7C
$GPFPD,1593,203087.00,320.790,-0.590,1.480,38.2234617,119.1219539,31.115,-0.002,-0.072,-0.018,1.992,8,8,1*73
$GPFPD,1593,203088.00,320.800,-0.600,1.460,38.2234618,119.1219539,31.098,-0.001,-0.062,-0.011,1.992,8,8,1*7E
$GPFPD,1593,203089.00,320.800,-0.600,1.460,38.2234617,119.1219539,31.090,-0.005,-0.065,-0.004,1.991,8,8,1*7C
$GPFPD,1593,203090.00,320.820,-0.610,1.480,38.2234617,119.1219538,31.087,-0.011,-0.087,-0.003,1.991,8,8,1*70
$GPFPD,1593,203091.00,320.820,-0.600,1.490,38.2234615,119.1219537,31.080,-0.014,-0.069,0.000,1.989,8,8,1*59
$GPFPD,1593,203092.00,320.830,-0.600,1.480,38.2234614,119.1219536,31.071,-0.010,-0.067,-0.008,1.991,8,8,1*72
$GPFPD,1593,203093.00,320.850,-0.600,1.460,38.2234614,119.1219535,31.062,-0.009,-0.069,-0.007,1.988,8,8,1*7B
$GPFPD,1593,203094.00,320.840,-0.610,1.470,38.2234614,119.1219534,31.054,-0.006,-0.072,-0.002,1.989,8,8,1*78
$GPFPD,1593,203095.00,320.850,-0.600,1.490,38.2234613,119.1219534,31.047,-0.010,-0.084,-0.011,1.987,8,8,1*70
$GPFPD,1593,203096.00,320.850,-0.600,1.490,38.2234612,119.1219533,31.036,0.004,-0.072,-0.015,1.988,8,8,1*59
$GPFPD,1593,203097.00,320.860,-0.600,1.470,38.2234612,119.1219533,31.019,-0.003,-0.065,-0.011,1.993,8,8,1*7A
$GPFPD,1593,203098.00,320.880,-0.600,1.460,38.2234612,119.1219532,31.009,-0.008,-0.062,0.000,1.990,8,8,1*58
$GPFPD,1593,203099.00,320.890,-0.610,1.470,38.2234612,119.1219530,31.014,-0.014,-0.081,0.007,1.990,8,8,1*51
$GPFPD,1593,203100.00,320.890,-0.610,1.470,38.2234610,119.1219529,31.019,-0.011,-0.088,0.003,1.992,8,8,1*5D
$GPFPD,1593,203101.00,320.890,-0.600,1.480,38.2234609,119.1219527,31.009,-0.014,-0.080,-0.014,1.991,8,8,1*70
$GPFPD,1593,203102.00,320.900,-0.580,1.470,38.2234608,119.1219527,30.985,0.001,-0.079,-0.031,1.989,8,8,1*53
$GPFPD,1593,203103.00,320.910,-0.580,1.460,38.2234607,119.1219527,30.964,0.004,-0.062,-0.017,1.990,8,8,1*51
$GPFPD,1593,203104.00,320.930,-0.580,1.480,38.2234608,119.1219527,30.953,-0.006,-0.066,-0.004,1.993,8,8,1*7B
$GPFPD,1593,203105.00,320.940,-0.610,1.480,38.2234608,119.1219526,30.952,-0.009,-0.058,0.006,1.993,8,8,1*5A
$GPFPD,1593,203106.00,320.970,-0.620,1.470,38.2234608,119.1219525,30.957,-0.007,-0.072,0.008,1.992,8,8,1*59
$GPFPD,1593,203107.00,320.980,-0.630,1.470,38.2234607,119.1219524,30.960,-0.018,-0.076,0.010,1.995,8,8,1*58
$GPFPD,1593,203108.00,320.970,-0.610,1.480,38.2234606,119.1219523,30.955,-0.009,-0.073,-0.004,1.993,8,8,1*7E
$GPFPD,1593,203109.00,320.960,-0.590,1.490,38.2234605,119.1219523,30.941,0.000,-0.072,-0.018,1.991,8,8,1*58
$GPFPD,1593,203110.00,320.960,-0.580,1.490,38.2234605,119.1219522,30.921,0.002,-0.074,-0.019,1.993,8,8,1*51
$GPFPD,1593,203111.99,321.010,-0.600,1.480,38.2234605,119.1219521,30.898,-0.006,-0.067,-0.004,1.990,8,8,1*71
$GPFPD,1593,203112.99,321.030,-0.620,1.480,38.2234605,119.1219521,30.897,-0.010,-0.070,0.003,1.996,8,8,1*50
$GPFPD,1593,203113.99,321.040,-0.610,1.490,38.2234604,119.1219519,30.894,-0.022,-0.075,0.005,1.995,8,8,1*5C
$GPFPD,1593,203114.99,321.020,-0.600,1.490,38.2234603,119.1219517,30.894,-0.017,-0.075,0.000,1.995,8,8,1*56
$GPFPD,1593,203115.99,321.020,-0.600,1.490,38.2234602,119.1219516,30.889,-0.001,-0.082,-0.010,1.995,8,8,1*78
$GPFPD,1593,203116.99,321.050,-0.590,1.480,38.2234601,119.1219516,30.871,0.000,-0.071,-0.019,1.995,8,8,1*5A
$GPFPD,1593,203117.99,321.050,-0.580,1.470,38.2234601,119.1219516,30.851,0.001,-0.067,-0.021,1.993,8,8,1*5C
$GPFPD,1593,203118.99,321.060,-0.590,1.480,38.2234601,119.1219515,30.840,-0.019,-0.078,-0.010,1.994,8,8,1*72
$GPFPD,1593,203119.99,321.080,-0.600,1.480,38.2234601,119.1219514,30.839,-0.001,-0.082,0.001,1.994,8,8,1*59
$GPFPD,1593,203120.99,321.080,-0.610,1.500,38.2234600,119.1219513,30.840,-0.002,-0.078,-0.003,1.993,8,8,1*7D
$GPFPD,1593,203121.99,321.080,-0.590,1.500,38.2234599,119.1219513,30.835,-0.007,-0.072,-0.008,1.993,8,8,1*72
$GPFPD,1593,203122.99,321.100,-0.590,1.470,38.2234599,119.1219512,30.827,-0.008,-0.060,-0.001,1.993,8,8,1*79
$GPFPD,1593,203123.99,321.130,-0.600,1.460,38.2234598,119.1219511,30.823,0.000,-0.072,-0.002,1.992,8,8,1*52
$GPFPD,1593,203124.99,321.140,-0.590,1.470,38.2234598,119.1219512,30.824,-0.011,-0.078,-0.003,1.994,8,8,1*7D
$GPFPD,1593,203125.99,321.130,-0.590,1.500,38.2234597,119.1219510,30.818,-0.022,-0.085,-0.011,1.993,8,8,1*79
$GPFPD,1593,203126.99,321.130,-0.580,1.500,38.2234595,119.1219508,30.801,-0.025,-0.082,-0.023,1.995,8,8,1*7F
$GPFPD,1593,203127.99,321.140,-0.580,1.470,38.2234594,119.1219506,30.781,-0.002,-0.050,-0.016,1.994,8,8,1*7A
$GPFPD,1593,203128.99,321.160,-0.590,1.450,38.2234595,119.1219507,30.772,0.002,-0.055,-0.004,1.988,8,8,1*5E
$GPFPD,1593,203129.99,321.180,-0.590,1.460,38.2234596,119.1219507,30.776,-0.011,-0.064,0.009,1.991,8,8,1*50
$GPFPD,1593,203130.99,321.200,-0.600,1.480,38.2234595,119.1219506,30.785,-0.015,-0.089,0.005,1.993,8,8,1*50
$GPFPD,1593,203131.99,321.200,-0.600,1.500,38.2234593,119.1219504,30.789,-0.011,-0.088,-0.004,1.993,8,8,1*79
$GPFPD,1593,203132.99,321.210,-0.590,1.490,38.2234592,119.1219503,30.777,-0.007,-0.070,-0.012,1.995,8,8,1*7F
$GPFPD,1593,203133.99,321.220,-0.580,1.470,38.2234590,119.1219503,30.757,0.000,-0.073,-0.027,1.990,8,8,1*58
$GPFPD,1593,203134.99,321.230,-0.580,1.460,38.2234591,119.1219503,30.742,0.004,-0.068,-0.014,1.993,8,8,1*57
$GPFPD,1593,203135.99,321.240,-0.600,1.470,38.2234590,119.1219503,30.736,-0.004,-0.075,-0.004,1.991,8,8,1*7B
$GPFPD,1593,203136.99,321.240,-0.600,1.490,38.2234590,119.1219502,30.735,-0.013,-0.075,-0.002,1.993,8,8,1*76
$GPFPD,1593,203137.99,321.250,-0.600,1.490,38.2234589,119.1219501,30.732,-0.015,-0.073,-0.005,1.993,8,8,1*7D
$GPFPD,1593,203138.99,321.270,-0.590,1.480,38.2234588,119.1219499,30.727,-0.003,-0.067,-0.003,1.991,8,8,1*78
$GPFPD,1593,203139.99,321.270,-0.600,1.470,38.2234587,119.1219499,30.723,-0.002,-0.063,-0.001,1.990,8,8,1*71
$GPFPD,1593,203140.99,321.270,-0.590,1.490,38.2234587,119.1219499,30.718,-0.015,-0.065,-0.007,1.988,8,8,1*7C
$GPFPD,1593,203141.99,321.280,-0.580,1.490,38.2234586,119.1219497,30.708,-0.025,-0.066,-0.007,1.990,8,8,1*74
$GPFPD,1593,203142.99,321.290,-0.590,1.460,38.2234585,119.1219496,30.697,-0.011,-0.079,-0.009,1.991,8,8,1*7B
$GPFPD,1593,203143.99,321.310,-0.590,1.450,38.2234585,119.1219496,30.691,-0.003,-0.059,-0.001,1.989,8,8,1*76
$GPFPD,1593,203144.99,321.330,-0.590,1.480,38.2234584,119.1219496,30.691,-0.008,-0.075,0.000,1.994,8,8,1*5A
$GPFPD,1593,203145.99,321.320,-0.590,1.500,38.2234583,119.1219495,30.688,-0.012,-0.073,0.002,1.990,8,8,1*54
$GPFPD,1593,203146.99,321.320,-0.580,1.510,38.2234582,119.1219493,30.683,-0.025,-0.080,-0.006,1.991,8,8,1*7B
$GPFPD,1593,203147.99,321.330,-0.580,1.490,38.2234581,119.1219492,30.674,-0.018,-0.084,-0.016,1.989,8,8,1*7A
$GPFPD,1593,203148.99,321.340,-0.580,1.480,38.2234580,119.1219491,30.656,-0.011,-0.071,-0.016,1.989,8,8,1*72
$GPFPD,1593,203149.99,321.340,-0.580,1.470,38.2234580,119.1219490,30.639,-0.005,-0.058,-0.011,1.990,8,8,1*75
$GPFPD,1593,203150.99,321.350,-0.580,1.470,38.2234580,119.1219491,30.631,-0.002,-0.064,0.000,1.988,8,8,1*59
$GPFPD,1593,203151.99,321.360,-0.580,1.490,38.2234580,119.1219491,30.636,-0.017,-0.069,0.015,1.990,8,8,1*56
$GPFPD,1593,203152.99,321.370,-0.590,1.490,38.2234578,119.1219489,30.641,-0.021,-0.088,0.006,1.988,8,8,1*5A
$GPFPD,1593,203153.99,321.380,-0.590,1.480,38.2234576,119.1219487,30.635,-0.018,-0.087,-0.012,1.987,8,8,1*74
$GPFPD,1593,203154.99,321.370,-0.590,1.470,38.2234575,119.1219487,30.616,-0.002,-0.071,-0.021,1.987,8,8,1*73
$GPFPD,1593,203155.99,321.380,-0.580,1.450,38.2234575,119.1219487,30.595,0.004,-0.062,-0.014,1.991,8,8,1*5E
$GPFPD,1593,203156.99,321.410,-0.590,1.460,38.2234576,119.1219489,30.587,-0.001,-0.058,0.001,1.990,8,8,1*56
$GPFPD,1593,203157.99,321.430,-0.590,1.480,38.2234576,119.1219489,30.592,-0.022,-0.064,0.015,1.988,8,8,1*5D
$GPFPD,1593,203158.99,321.440,-0.600,1.500,38.2234574,119.1219487,30.597,-0.024,-0.081,0.008,1.984,8,8,1*52
$GPFPD,1593,203159.99,321.440,-0.590,1.500,38.2234573,119.1219486,30.591,-0.018,-0.074,-0.007,1.987,8,8,1*7D
$GPFPD,1593,203160.99,321.440,-0.590,1.490,38.2234571,119.1219485,30.576,-0.006,-0.074,-0.017,1.989,8,8,1*77
$GPFPD,1593,203161.99,321.450,-0.600,1.480,38.2234570,119.1219485,30.554,-0.009,-0.064,-0.017,1.986,8,8,1*7C
$GPFPD,1593,203162.99,321.480,-0.600,1.450,38.2234571,119.1219485,30.539,0.000,-0.066,-0.006,1.989,8,8,1*5C
$GPFPD,1593,203163.99,321.510,-0.610,1.450,38.2234571,119.1219486,30.542,-0.003,-0.056,0.014,1.989,8,8,1*58
$GPFPD,1593,203164.99,321.530,-0.610,1.470,38.2234571,119.1219485,30.553,-0.012,-0.077,0.013,1.990,8,8,1*50
$GPFPD,1593,203165.99,321.520,-0.610,1.490,38.2234569,119.1219484,30.551,-0.019,-0.076,-0.002,1.989,8,8,1*7B
$GPFPD,1593,203166.99,321.530,-0.590,1.490,38.2234567,119.1219483,30.533,-0.016,-0.080,-0.024,1.988,8,8,1*7C
$GPFPD,1593,203167.99,321.550,-0.590,1.470,38.2234566,119.1219482,30.508,-0.009,-0.063,-0.022,1.985,8,8,1*75
$GPFPD,1593,203168.99,321.560,-0.600,1.450,38.2234566,119.1219482,30.492,0.000,-0.058,-0.006,1.988,8,8,1*54
$GPFPD,1593,203169.99,321.580,-0.610,1.460,38.2234567,119.1219483,30.492,0.000,-0.054,0.008,1.986,8,8,1*78
$GPFPD,1593,203170.99,321.590,-0.620,1.480,38.2234566,119.1219484,30.495,-0.009,-0.064,0.005,1.989,8,8,1*58
$GPFPD,1593,203171.99,321.600,-0.610,1.490,38.2234565,119.1219483,30.492,-0.023,-0.070,0.001,1.985,8,8,1*57
$GPFPD,1593,203172.99,321.610,-0.610,1.490,38.2234564,119.1219482,30.489,-0.023,-0.080,-0.005,1.989,8,8,1*75
$GPFPD,1593,203173.99,321.620,-0.600,1.480,38.2234563,119.1219481,30.479,-0.009,-0.073,-0.010,1.985,8,8,1*70
$GPFPD,1593,203174.99,321.620,-0.590,1.460,38.2234562,119.1219480,30.465,-0.005,-0.062,-0.012,1.985,8,8,1*70
$GPFPD,1593,203175.99,321.640,-0.590,1.460,38.2234562,119.1219480,30.454,-0.006,-0.063,-0.006,1.986,8,8,1*71
$GPFPD,1593,203176.99,321.640,-0.590,1.480,38.2234561,119.1219480,30.446,-0.010,-0.074,-0.005,1.984,8,8,1*7C
$GPFPD,1593,203177.99,321.650,-0.590,1.490,38.2234560,119.1219479,30.437,-0.017,-0.078,-0.008,1.987,8,8,1*79
$GPFPD,1593,203178.99,321.640,-0.590,1.470,38.2234559,119.1219478,30.427,-0.013,-0.071,-0.010,1.986,8,8,1*76
$GPFPD,1593,203179.99,321.650,-0.590,1.460,38.2234558,119.1219478,30.415,-0.004,-0.060,-0.007,1.986,8,8,1*77
$GPFPD,1593,203180.99,321.670,-0.600,1.450,38.2234559,119.1219478,30.408,-0.010,-0.064,-0.003,1.986,8,8,1*72
$GPFPD,1593,203181.99,321.690,-0.600,1.460,38.2234558,119.1219478,30.406,-0.007,-0.074,0.001,1.986,8,8,1*59
$GPFPD,1593,203182.99,321.690,-0.610,1.470,38.2234558,119.1219477,30.410,-0.010,-0.075,0.007,1.985,8,8,1*50
$GPFPD,1593,203183.99,321.700,-0.600,1.480,38.2234557,119.1219475,30.414,-0.014,-0.084,-0.003,1.986,8,8,1*7E
$GPFPD,1593,203184.99,321.690,-0.580,1.490,38.2234556,119.1219474,30.407,-0.024,-0.073,-0.012,1.984,8,8,1*70
$GPFPD,1593,203185.99,321.680,-0.560,1.490,38.2234555,119.1219473,30.385,-0.009,-0.073,-0.027,1.987,8,8,1*7D
$GPFPD,1593,203186.99,321.690,-0.560,1.480,38.2234555,119.1219472,30.361,-0.002,-0.069,-0.025,1.983,8,8,1*73
$GPFPD,1593,203187.99,321.720,-0.580,1.470,38.2234555,119.1219472,30.348,-0.008,-0.062,-0.007,1.985,8,8,1*75
$GPFPD,1593,203188.99,321.730,-0.600,1.460,38.2234555,119.1219471,30.350,-0.007,-0.072,0.009,1.986,8,8,1*55
$GPFPD,1593,203189.99,321.750,-0.610,1.470,38.2234555,119.1219470,30.362,-0.011,-0.081,0.012,1.983,8,8,1*56
$GPFPD,1593,203190.99,321.760,-0.600,1.480,38.2234554,119.1219469,30.369,-0.017,-0.076,0.003,1.983,8,8,1*5F
$GPFPD,1593,203191.99,321.760,-0.580,1.490,38.2234552,119.1219468,30.364,-0.013,-0.080,-0.010,1.984,8,8,1*7B
$GPFPD,1593,203192.99,321.750,-0.560,1.490,38.2234551,119.1219466,30.351,-0.019,-0.087,-0.025,1.986,8,8,1*77
$GPFPD,1593,203193.99,321.750,-0.550,1.470,38.2234550,119.1219464,30.328,-0.013,-0.065,-0.027,1.986,8,8,1*72
$GPFPD,1593,203194.99,321.770,-0.570,1.460,38.2234550,119.1219463,30.310,0.000,-0.068,-0.020,1.989,8,8,1*52
$GPFPD,1593,203195.99,321.780,-0.590,1.470,38.2234551,119.1219463,30.302,-0.010,-0.064,-0.006,1.986,8,8,1*7A
$GPFPD,1593,203196.99,321.790,-0.610,1.470,38.2234551,119.1219463,30.306,-0.005,-0.067,0.006,1.986,8,8,1*5D
$GPFPD,1593,203197.99,321.800,-0.610,1.470,38.2234551,119.1219462,30.321,-0.008,-0.064,0.019,1.985,8,8,1*5D
$GPFPD,1593,203198.99,321.820,-0.610,1.490,38.2234551,119.1219461,30.337,-0.014,-0.069,0.012,1.986,8,8,1*52
$GPFPD,1593,203199.99,321.830,-0.590,1.490,38.2234550,119.1219459,30.338,-0.025,-0.074,-0.010,1.989,8,8,1*72
$GPFPD,1593,203200.99,321.830,-0.580,1.480,38.2234549,119.1219457,30.323,-0.016,-0.075,-0.024,1.989,8,8,1*7B
$GPFPD,1593,203201.99,321.840,-0.590,1.460,38.2234548,119.1219456,30.305,0.010,-0.075,-0.022,1.990,8,8,1*53
$GPFPD,1593,203202.99,321.870,-0.590,1.450,38.2234548,119.1219457,30.292,-0.003,-0.067,-0.017,1.986,8,8,1*73
$GPFPD,1593,203203.99,321.880,-0.580,1.470,38.2234548,119.1219456,30.288,-0.013,-0.071,-0.008,1.989,8,8,1*73
$GPFPD,1593,203204.99,321.880,-0.590,1.470,38.2234549,119.1219455,30.291,-0.008,-0.064,0.005,1.989,8,8,1*51
$GPFPD,1593,203205.99,321.890,-0.600,1.480,38.2234549,119.1219454,30.303,0.001,-0.071,0.010,1.990,8,8,1*73
$GPFPD,1593,203206.99,321.910,-0.610,1.480,38.2234549,119.1219454,30.315,-0.008,-0.083,0.004,1.989,8,8,1*5B
$GPFPD,1593,203207.99,321.920,-0.590,1.480,38.2234547,119.1219453,30.315,-0.005,-0.081,-0.011,1.988,8,8,1*7C
$GPFPD,1593,203208.99,321.930,-0.590,1.480,38.2234547,119.1219452,30.305,-0.011,-0.073,-0.016,1.988,8,8,1*7D
$GPFPD,1593,203209.99,321.940,-0.590,1.470,38.2234546,119.1219450,30.297,-0.001,-0.068,-0.010,1.991,8,8,1*78
$GPFPD,1593,203210.99,321.950,-0.590,1.480,38.2234546,119.1219450,30.295,-0.013,-0.074,-0.008,1.989,8,8,1*72
$GPFPD,1593,203212.00,321.950,-0.580,1.490,38.2234545,119.1219448,30.290,-0.009,-0.071,-0.012,1.991,8,8,1*73
$GPFPD,1593,203213.00,321.960,-0.580,1.480,38.2234545,119.1219447,30.285,0.003,-0.074,-0.012,1.990,8,8,1*58
$GPFPD,1593,203214.00,321.980,-0.590,1.460,38.2234545,119.1219447,30.285,-0.002,-0.059,0.000,1.990,8,8,1*53
$GPFPD,1593,203215.00,321.980,-0.590,1.470,38.2234545,119.1219446,30.292,-0.011,-0.059,0.008,1.992,8,8,1*5C
$GPFPD,1593,203216.00,321.980,-0.590,1.490,38.2234544,119.1219445,30.303,-0.009,-0.087,0.002,1.991,8,8,1*59
$GPFPD,1593,203217.00,321.960,-0.590,1.500,38.2234542,119.1219443,30.305,-0.014,-0.093,-0.011,1.992,8,8,1*7D
$GPFPD,1593,203218.00,321.960,-0.590,1.490,38.2234541,119.1219441,30.298,-0.007,-0.074,-0.019,1.993,8,8,1*7C
$GPFPD,1593,203219.00,321.960,-0.600,1.460,38.2234540,119.1219440,30.286,0.003,-0.076,-0.023,1.992,8,8,1*54
$GPFPD,1593,203220.00,321.980,-0.600,1.460,38.2234539,119.1219440,30.280,-0.002,-0.063,-0.011,1.989,8,8,1*7B
$GPFPD,1593,203221.00,321.990,-0.590,1.480,38.2234539,119.1219439,30.284,-0.009,-0.074,-0.006,1.991,8,8,1*77
$GPFPD,1593,203222.00,321.990,-0.590,1.490,38.2234538,119.1219437,30.293,-0.011,-0.073,0.000,1.988,8,8,1*51
$GPFPD,1593,203223.00,321.990,-0.600,1.490,38.2234537,119.1219435,30.298,-0.012,-0.075,-0.003,1.989,8,8,1*76
$GPFPD,1593,203224.00,322.000,-0.600,1.470,38.2234536,119.1219433,30.300,-0.006,-0.071,-0.007,1.991,8,8,1*77
$GPFPD,1593,203225.00,322.010,-0.600,1.470,38.2234535,119.1219432,30.301,-0.007,-0.072,-0.009,1.989,8,8,1*71
$GPFPD,1593,203226.00,322.010,-0.590,1.480,38.2234534,119.1219432,30.301,-0.012,-0.067,-0.009,1.989,8,8,1*76
$GPFPD,1593,203227.00,322.020,-0.590,1.500,38.2234534,119.1219430,30.299,-0.013,-0.074,-0.012,1.993,8,8,1*7D
$GPFPD,1593,203228.00,322.030,-0.590,1.500,38.2234533,119.1219429,30.297,-0.011,-0.074,-0.010,1.992,8,8,1*73
$GPFPD,1593,203229.00,322.030,-0.590,1.490,38.2234532,119.1219428,30.300,-0.009,-0.066,-0.003,1.992,8,8,1*7D
$GPFPD,1593,203230.00,322.040,-0.590,1.490,38.2234531,119.1219426,30.301,-0.011,-0.078,-0.008,1.994,8,8,1*75
$GPFPD,1593,203231.00,322.050,-0.590,1.470,38.2234529,119.1219425,30.300,-0.009,-0.073,-0.012,1.993,8,8,1*7E
$GPFPD,1593,203232.00,322.060,-0.590,1.460,38.2234529,119.1219424,30.300,0.000,-0.067,-0.006,1.991,8,8,1*58
$GPFPD,1593,203233.00,322.070,-0.590,1.480,38.2234530,119.1219424,30.309,-0.001,-0.066,0.004,1.990,8,8,1*54
$GPFPD,1593,203234.00,322.070,-0.590,1.510,38.2234529,119.1219424,30.319,-0.010,-0.085,-0.004,1.991,8,8,1*73
$GPFPD,1593,203235.00,322.070,-0.580,1.520,38.2234528,119.1219423,30.318,-0.010,-0.073,-0.015,1.991,8,8,1*7E
$GPFPD,1593,203236.00,322.090,-0.580,1.490,38.2234527,119.1219421,30.306,-0.010,-0.054,-0.017,1.989,8,8,1*75
$GPFPD,1593,203237.00,322.110,-0.600,1.460,38.2234528,119.1219421,30.304,-0.002,-0.045,0.000,1.990,8,8,1*54
$GPFPD,1593,203238.00,322.130,-0.620,1.450,38.2234529,119.1219421,30.318,0.002,-0.059,0.014,1.992,8,8,1*73
$GPFPD,1593,203239.00,322.150,-0.620,1.480,38.2234528,119.1219421,30.338,-0.010,-0.072,0.012,1.991,8,8,1*58
$GPFPD,1593,203240.00,322.160,-0.600,1.500,38.2234527,119.1219420,30.346,-0.015,-0.080,-0.003,1.991,8,8,1*7C
$GPFPD,1593,203241.00,322.160,-0.580,1.500,38.2234526,119.1219420,30.340,-0.009,-0.076,-0.015,1.995,8,8,1*76
$GPFPD,1593,203242.00,322.170,-0.580,1.480,38.2234525,119.1219418,30.327,-0.011,-0.069,-0.020,1.993,8,8,1*73
$GPFPD,1593,203243.00,322.190,-0.590,1.460,38.2234525,119.1219417,30.317,-0.005,-0.058,-0.011,1.990,8,8,1*79
$GPFPD,1593,203244.00,322.210,-0.610,1.460,38.2234525,119.1219417,30.318,-0.002,-0.058,-0.002,1.992,8,8,1*76
$GPFPD,1593,203245.00,322.220,-0.610,1.460,38.2234526,119.1219417,30.325,0.011,-0.066,0.005,1.992,8,8,1*71
$GPFPD,1593,203246.00,322.230,-0.600,1.470,38.2234526,119.1219418,30.336,0.003,-0.070,0.010,1.989,8,8,1*74
$GPFPD,1593,203247.00,322.240,-0.590,1.500,38.2234526,119.1219418,30.351,-0.016,-0.063,0.012,1.992,8,8,1*5C
$GPFPD,1593,203248.00,322.240,-0.590,1.500,38.2234525,119.1219417,30.357,-0.016,-0.075,-0.002,1.991,8,8,1*71
$GPFPD,1593,203249.00,322.240,-0.570,1.500,38.2234524,119.1219416,30.350,-0.007,-0.071,-0.014,1.994,8,8,1*7F
$GPFPD,1593,203250.00,322.260,-0.570,1.490,38.2234524,119.1219415,30.337,-0.009,-0.064,-0.020,1.990,8,8,1*76
$GPFPD,1593,203251.00,322.260,-0.580,1.470,38.2234524,119.1219415,30.329,0.005,-0.063,-0.009,1.986,8,8,1*53
$GPFPD,1593,203252.00,322.270,-0.600,1.460,38.2234524,119.1219416,30.332,-0.005,-0.054,0.007,1.988,8,8,1*56
$GPFPD,1593,203253.00,322.290,-0.610,1.460,38.2234525,119.1219416,30.344,-0.009,-0.062,0.012,1.991,8,8,1*5D
$GPFPD,1593,203254.00,322.310,-0.610,1.470,38.2234524,119.1219415,30.358,-0.009,-0.077,0.009,1.990,8,8,1*52
$GPFPD,1593,203255.00,322.320,-0.600,1.490,38.2234523,119.1219414,30.365,-0.005,-0.086,0.000,1.991,8,8,1*5D
$GPFPD,1593,203256.00,322.320,-0.580,1.490,38.2234521,119.1219413,30.358,-0.012,-0.079,-0.017,1.990,8,8,1*72
$GPFPD,1593,203257.00,322.320,-0.570,1.480,38.2234520,119.1219412,30.342,-0.010,-0.071,-0.026,1.990,8,8,1*7E
$GPFPD,1593,203258.00,322.340,-0.580,1.460,38.2234520,119.1219411,30.327,0.002,-0.055,-0.015,1.993,8,8,1*5D
$GPFPD,1593,203259.00,322.360,-0.580,1.460,38.2234521,119.1219412,30.322,0.000,-0.044,0.001,1.994,8,8,1*74
$GPFPD,1593,203260.00,322.380,-0.600,1.470,38.2234521,119.1219413,30.330,-0.001,-0.060,0.011,1.989,8,8,1*5F
$GPFPD,1593,203261.00,322.380,-0.600,1.480,38.2234520,119.1219413,30.346,-0.007,-0.072,0.019,1.990,8,8,1*54
$GPFPD,1593,203262.00,322.390,-0.590,1.490,38.2234519,119.1219412,30.361,-0.011,-0.063,0.024,1.991,8,8,1*5B
$GPFPD,1593,203263.00,322.390,-0.570,1.490,38.2234517,119.1219410,30.359,-0.020,-0.079,-0.007,1.993,8,8,1*74
$GPFPD,1593,203264.00,322.390,-0.560,1.480,38.2234515,119.1219408,30.337,-0.021,-0.067,-0.024,1.990,8,8,1*7C
$GPFPD,1593,203265.00,322.400,-0.580,1.450,38.2234515,119.1219407,30.315,0.005,-0.046,-0.011,1.993,8,8,1*52
$GPFPD,1593,203266.00,322.430,-0.580,1.450,38.2234515,119.1219408,30.308,0.002,-0.048,0.000,1.989,8,8,1*7E
$GPFPD,1593,203267.00,322.440,-0.590,1.470,38.2234515,119.1219408,30.312,-0.014,-0.056,0.012,1.991,8,8,1*5F
$GPFPD,1593,203268.00,322.450,-0.590,1.470,38.2234515,119.1219408,30.321,-0.004,-0.055,0.022,1.987,8,8,1*57
$GPFPD,1593,203269.00,322.450,-0.590,1.480,38.2234514,119.1219407,30.328,-0.014,-0.070,0.016,1.989,8,8,1*51
$GPFPD,1593,203270.00,322.460,-0.580,1.490,38.2234512,119.1219406,30.330,-0.015,-0.074,0.000,1.989,8,8,1*56
$GPFPD,1593,203271.00,322.450,-0.570,1.490,38.2234510,119.1219405,30.315,-0.007,-0.066,-0.014,1.992,8,8,1*7F
$GPFPD,1593,203272.00,322.460,-0.560,1.480,38.2234509,119.1219404,30.289,-0.002,-0.062,-0.024,1.989,8,8,1*7A
$GPFPD,1593,203273.00,322.470,-0.570,1.460,38.2234509,119.1219405,30.273,0.008,-0.057,-0.008,1.988,8,8,1*5F
$GPFPD,1593,203274.00,322.500,-0.590,1.450,38.2234509,119.1219406,30.278,0.003,-0.048,0.020,1.990,8,8,1*70
$GPFPD,1593,203275.00,322.520,-0.600,1.470,38.2234508,119.1219405,30.292,-0.019,-0.094,0.018,1.988,8,8,1*58
$GPFPD,1593,203276.00,322.520,-0.600,1.480,38.2234507,119.1219403,30.300,-0.023,-0.080,0.000,1.990,8,8,1*5B
$GPFPD,1593,203277.00,322.520,-0.600,1.480,38.2234505,119.1219401,30.300,-0.007,-0.088,-0.013,1.988,8,8,1*72
$GPFPD,1593,203278.00,322.520,-0.580,1.470,38.2234503,119.1219401,30.286,0.000,-0.066,-0.019,1.987,8,8,1*5F
$GPFPD,1593,203279.00,322.530,-0.570,1.470,38.2234503,119.1219402,30.267,0.000,-0.052,-0.020,1.988,8,8,1*5E
$GPFPD,1593,203280.00,322.540,-0.590,1.450,38.2234504,119.1219402,30.261,-0.003,-0.050,-0.004,1.987,8,8,1*77
$GPFPD,1593,203281.00,322.570,-0.600,1.460,38.2234504,119.1219403,30.269,-0.005,-0.061,0.013,1.986,8,8,1*5B
$GPFPD,1593,203282.00,322.580,-0.610,1.480,38.2234504,119.1219402,30.285,-0.019,-0.070,0.016,1.989,8,8,1*5C
$GPFPD,1593,203283.00,322.570,-0.600,1.490,38.2234503,119.1219400,30.296,-0.018,-0.084,0.001,1.990,8,8,1*51
$GPFPD,1593,203284.00,322.570,-0.590,1.480,38.2234501,119.1219398,30.292,-0.012,-0.076,-0.009,1.986,8,8,1*78
$GPFPD,1593,203285.00,322.570,-0.580,1.460,38.2234500,119.1219397,30.282,-0.004,-0.069,-0.011,1.987,8,8,1*78
$GPFPD,1593,203286.00,322.590,-0.580,1.450,38.2234500,119.1219397,30.274,-0.005,-0.069,-0.009,1.989,8,8,1*79
$GPFPD,1593,203287.00,322.590,-0.580,1.460,38.2234499,119.1219397,30.270,-0.007,-0.078,-0.006,1.991,8,8,1*7A
$GPFPD,1593,203288.00,322.600,-0.580,1.480,38.2234498,119.1219396,30.265,-0.018,-0.066,-0.006,1.985,8,8,1*71
$GPFPD,1593,203289.00,322.600,-0.580,1.480,38.2234497,119.1219395,30.260,-0.020,-0.069,-0.006,1.987,8,8,1*7F
$GPFPD,1593,203290.00,322.610,-0.580,1.450,38.2234497,119.1219393,30.255,-0.009,-0.062,-0.003,1.987,8,8,1*7E
$GPFPD,1593,203291.00,322.620,-0.590,1.450,38.2234497,119.1219394,30.254,0.005,-0.062,0.004,1.991,8,8,1*77
$GPFPD,1593,203292.00,322.630,-0.580,1.470,38.2234496,119.1219395,30.257,-0.006,-0.067,0.004,1.985,8,8,1*5B
$GPFPD,1593,203293.00,322.640,-0.580,1.500,38.2234495,119.1219394,30.263,-0.016,-0.075,0.004,1.987,8,8,1*5E
$GPFPD,1593,203294.00,322.640,-0.590,1.500,38.2234494,119.1219393,30.260,-0.018,-0.080,-0.007,1.986,8,8,1*76
$GPFPD,1593,203295.00,322.650,-0.580,1.480,38.2234492,119.1219392,30.245,-0.013,-0.075,-0.023,1.986,8,8,1*79
$GPFPD,1593,203296.00,322.660,-0.580,1.460,38.2234491,119.1219391,30.227,-0.009,-0.076,-0.025,1.987,8,8,1*7C
$GPFPD,1593,203297.00,322.680,-0.590,1.440,38.2234491,119.1219391,30.216,-0.004,-0.064,-0.007,1.986,8,8,1*7D
$GPFPD,1593,203298.00,322.700,-0.600,1.450,38.2234490,119.1219391,30.219,-0.001,-0.065,0.008,1.986,8,8,1*58
$GPFPD,1593,203299.00,322.700,-0.600,1.460,38.2234489,119.1219392,30.230,-0.002,-0.082,0.001,1.985,8,8,1*5A
$GPFPD,1593,203300.00,322.710,-0.590,1.490,38.2234488,119.1219391,30.234,-0.012,-0.085,-0.006,1.987,8,8,1*77
$GPFPD,1593,203301.00,322.720,-0.580,1.480,38.2234487,119.1219390,30.225,-0.019,-0.075,-0.016,1.986,8,8,1*7F
$GPFPD,1593,203302.00,322.740,-0.590,1.460,38.2234486,119.1219389,30.214,-0.010,-0.068,-0.017,1.984,8,8,1*78
$GPFPD,1593,203303.00,322.760,-0.600,1.460,38.2234485,119.1219389,30.212,0.000,-0.073,-0.008,1.987,8,8,1*5F
$GPFPD,1593,203304.00,322.770,-0.610,1.480,38.2234485,119.1219389,30.214,-0.007,-0.072,0.000,1.988,8,8,1*51
$GPFPD,1593,203305.00,322.760,-0.600,1.490,38.2234484,119.1219389,30.215,-0.014,-0.064,-0.009,1.984,8,8,1*7C
$GPFPD,1593,203306.00,322.770,-0.600,1.490,38.2234483,119.1219388,30.213,-0.003,-0.074,-0.010,1.987,8,8,1*72
$GPFPD,1593,203307.00,322.790,-0.590,1.480,38.2234483,119.1219388,30.215,-0.005,-0.054,0.005,1.985,8,8,1*5F
$GPFPD,1593,203308.00,322.800,-0.600,1.480,38.2234482,119.1219387,30.220,-0.006,-0.070,0.000,1.988,8,8,1*59
$GPFPD,1593,203309.00,322.810,-0.590,1.490,38.2234481,119.1219386,30.223,-0.014,-0.073,-0.008,1.986,8,8,1*78
$GPFPD,1593,203310.00,322.810,-0.600,1.480,38.2234480,119.1219383,30.222,-0.007,-0.070,-0.006,1.984,8,8,1*73
$GPFPD,1593,203311.00,322.810,-0.600,1.480,38.2234479,119.1219383,30.222,0.001,-0.079,-0.007,1.986,8,8,1*55
$GPFPD,1593,203312.00,322.820,-0.600,1.480,38.2234478,119.1219382,30.219,-0.004,-0.067,-0.010,1.987,8,8,1*7D
$GPFPD,1593,203313.00,322.830,-0.600,1.480,38.2234478,119.1219382,30.216,-0.005,-0.059,-0.003,1.985,8,8,1*7E
$GPFPD,1593,203314.00,322.830,-0.600,1.470,38.2234477,119.1219380,30.218,-0.017,-0.054,0.003,1.984,8,8,1*57
$GPFPD,1593,203315.00,322.850,-0.610,1.460,38.2234478,119.1219379,30.223,-0.011,-0.065,0.000,1.987,8,8,1*55
$GPFPD,1593,203316.00,322.860,-0.620,1.450,38.2234477,119.1219378,30.228,-0.013,-0.061,0.005,1.987,8,8,1*53
$GPFPD,1593,203317.00,322.860,-0.610,1.460,38.2234476,119.1219377,30.230,-0.008,-0.081,-0.001,1.990,8,8,1*7E
$GPFPD,1593,203318.00,322.870,-0.590,1.470,38.2234475,119.1219376,30.228,-0.006,-0.072,-0.005,1.983,8,8,1*75
$GPFPD,1593,203319.00,322.860,-0.580,1.490,38.2234474,119.1219376,30.222,-0.011,-0.075,-0.012,1.986,8,8,1*73
$GPFPD,1593,203320.00,322.840,-0.560,1.510,38.2234473,119.1219375,30.215,-0.009,-0.064,-0.008,1.987,8,8,1*7F
$GPFPD,1593,203321.00,322.840,-0.570,1.500,38.2234473,119.1219374,30.206,-0.005,-0.071,-0.013,1.985,8,8,1*7D
$GPFPD,1593,203322.00,322.860,-0.580,1.480,38.2234472,119.1219373,30.198,-0.003,-0.071,-0.013,1.983,8,8,1*78
$GPFPD,1593,203323.00,322.890,-0.590,1.460,38.2234472,119.1219371,30.191,-0.011,-0.066,-0.002,1.988,8,8,1*7C
$GPFPD,1593,203324.00,322.910,-0.600,1.440,38.2234472,119.1219371,30.197,0.006,-0.061,0.012,1.984,8,8,1*70
$GPFPD,1593,203325.00,322.940,-0.600,1.450,38.2234471,119.1219371,30.215,0.002,-0.074,0.018,1.990,8,8,1*70
$GPFPD,1593,203326.00,322.930,-0.590,1.500,38.2234470,119.1219371,30.228,-0.021,-0.081,0.006,1.986,8,8,1*5B
$GPFPD,1593,203327.00,322.930,-0.560,1.510,38.2234468,119.1219368,30.217,-0.019,-0.091,-0.027,1.987,8,8,1*7C
$GPFPD,1593,203328.00,322.930,-0.560,1.460,38.2234466,119.1219366,30.187,-0.008,-0.058,-0.037,1.988,8,8,1*74
$GPFPD,1593,203329.00,322.960,-0.580,1.420,38.2234466,119.1219366,30.163,0.017,-0.045,-0.020,1.983,8,8,1*52
$GPFPD,1593,203330.00,322.990,-0.600,1.430,38.2234469,119.1219367,30.165,0.012,-0.054,0.008,1.987,8,8,1*71
$GPFPD,1593,203331.00,323.000,-0.610,1.480,38.2234469,119.1219367,30.184,-0.002,-0.083,0.019,1.987,8,8,1*52
$GPFPD,1593,203332.00,323.010,-0.620,1.510,38.2234468,119.1219366,30.204,-0.006,-0.081,0.026,1.986,8,8,1*5B
$GPFPD,1593,203333.00,322.990,-0.610,1.510,38.2234467,119.1219364,30.210,-0.009,-0.069,0.008,1.985,8,8,1*57
$GPFPD,1593,203334.00,323.000,-0.580,1.490,38.2234466,119.1219363,30.199,-0.004,-0.061,-0.011,1.986,8,8,1*75
$GPFPD,1593,203335.00,323.020,-0.590,1.470,38.2234466,119.1219362,30.182,0.000,-0.075,-0.022,1.985,8,8,1*5D
$GPFPD,1593,203336.00,323.030,-0.600,1.470,38.2234465,119.1219361,30.168,-0.006,-0.072,-0.014,1.990,8,8,1*7C
$GPFPD,1593,203337.00,323.040,-0.600,1.480,38.2234464,119.1219360,30.160,-0.009,-0.076,-0.010,1.988,8,8,1*7B
$GPFPD,1593,203338.00,323.040,-0.600,1.470,38.2234463,119.1219359,30.156,-0.008,-0.065,-0.006,1.984,8,8,1*7B
